,Title,Company,url,Location,company_url
0,Software Engineer,"Reddit, Inc.",https://ca.linkedin.com/jobs/view/software-engineer-at-reddit-inc-4423407460?position=1&pageNum=0&refId=KDggVdwGAMinRCaTYCLRPQ%3D%3D&trackingId=o10vKbX3Hwp3ih%2Bi4NVbhw%3D%3D,"Ontario, Canada",https://www.linkedin.com/company/reddit-com?trk=public_jobs_jserp-result_job-search-card-subtitle
1,Software Developer - New Graduate,D2L,https://ca.linkedin.com/jobs/view/software-developer-new-graduate-at-d2l-4343030654?position=2&pageNum=0&refId=KDggVdwGAMinRCaTYCLRPQ%3D%3D&trackingId=cLIrOAv9iXLh30YJfzbMFA%3D%3D,"Kitchener, Ontario, Canada",https://ca.linkedin.com/company/d2l?trk=public_jobs_jserp-result_job-search-card-subtitle
2,Software Engineer,Scotiabank,https://ca.linkedin.com/jobs/view/software-engineer-at-scotiabank-4431442027?position=3&pageNum=0&refId=KDggVdwGAMinRCaTYCLRPQ%3D%3D&trackingId=DHQw2BrwUHKPHth6p5Pacg%3D%3D,"Toronto, Ontario, Canada",https://ca.linkedin.com/company/scotiabank?trk=public_jobs_jserp-result_job-search-card-subtitle
3,Backend Python Developer,Apexon,https://ca.linkedin.com/jobs/view/backend-python-developer-at-apexon-4432219881?position=4&pageNum=0&refId=KDggVdwGAMinRCaTYCLRPQ%3D%3D&trackingId=%2Bb%2BPpc65uk6M8tqumTur%2BA%3D%3D,"Toronto, Ontario, Canada",https://www.linkedin.com/company/apexon?trk=public_jobs_jserp-result_job-search-card-subtitle
4,Backend Software Engineer,eBay,https://ca.linkedin.com/jobs/view/backend-software-engineer-at-ebay-4429498138?position=5&pageNum=0&refId=KDggVdwGAMinRCaTYCLRPQ%3D%3D&trackingId=41JL7WvDtKo61c6ekzuRSA%3D%3D,"Toronto, Ontario, Canada",https://www.linkedin.com/company/ebay?trk=public_jobs_jserp-result_job-search-card-subtitle
5,React Full Stack Developer,Citi,https://ca.linkedin.com/jobs/view/react-full-stack-developer-at-citi-4423983804?position=6&pageNum=0&refId=KDggVdwGAMinRCaTYCLRPQ%3D%3D&trackingId=sjyX%2B6QYEaacHbZzC%2FVYUg%3D%3D,"Mississauga, Ontario, Canada",https://www.linkedin.com/company/citi?trk=public_jobs_jserp-result_job-search-card-subtitle
6,Backend Software Engineer,eBay,https://ca.linkedin.com/jobs/view/backend-software-engineer-at-ebay-4429802041?position=7&pageNum=0&refId=KDggVdwGAMinRCaTYCLRPQ%3D%3D&trackingId=gJ1%2BNzqVgoClPS4bHRJGxg%3D%3D,"Toronto, Ontario, Canada",https://www.linkedin.com/company/ebay?trk=public_jobs_jserp-result_job-search-card-subtitle
7,"Software Developer, Developer Platform",Verily Health,https://ca.linkedin.com/jobs/view/software-developer-developer-platform-at-verily-health-4424005018?position=8&pageNum=0&refId=KDggVdwGAMinRCaTYCLRPQ%3D%3D&trackingId=1hRoOAWaCHoqc4JMs8tZYg%3D%3D,"Waterloo, Ontario, Canada",https://www.linkedin.com/company/verilyhealth?trk=public_jobs_jserp-result_job-search-card-subtitle
8,Software Engineer - Frontend and Mobile,BitGo,https://ca.linkedin.com/jobs/view/software-engineer-frontend-and-mobile-at-bitgo-4403665953?position=9&pageNum=0&refId=KDggVdwGAMinRCaTYCLRPQ%3D%3D&trackingId=UnFyWtvRg8%2Bj%2F8BWl68ggw%3D%3D,"Toronto, Ontario, Canada",https://www.linkedin.com/company/bitgo?trk=public_jobs_jserp-result_job-search-card-subtitle
9,UI Developer,Citi,https://ca.linkedin.com/jobs/view/ui-developer-at-citi-4372039207?position=10&pageNum=0&refId=KDggVdwGAMinRCaTYCLRPQ%3D%3D&trackingId=LCc%2B2VjZMRP5FVERzWdaBQ%3D%3D,"Mississauga, Ontario, Canada",https://www.linkedin.com/company/citi?trk=public_jobs_jserp-result_job-search-card-subtitle
10,"Software Engineer I, Private Equity Innovation",Tech Economy,https://ca.linkedin.com/jobs/view/software-engineer-i-private-equity-innovation-at-tech-economy-4431462617?position=1&pageNum=2&refId=ZaWbi44ldANMh11GBKcEJg%3D%3D&trackingId=k0tKcuOgtmnp%2B6xB0COj0Q%3D%3D,"Toronto, Ontario, Canada",https://uk.linkedin.com/company/tech-economy-limited?trk=public_jobs_jserp-result_job-search-card-subtitle
11,"Front-End Engineer, AWS Partner Registration & Onboarding",Amazon Web Services (AWS),https://ca.linkedin.com/jobs/view/front-end-engineer-aws-partner-registration-onboarding-at-amazon-web-services-aws-4432833544?position=2&pageNum=2&refId=ZaWbi44ldANMh11GBKcEJg%3D%3D&trackingId=C3dpcyOw3NjtFWPc8QW3MQ%3D%3D,"Toronto, Ontario, Canada",https://www.linkedin.com/company/amazon-web-services?trk=public_jobs_jserp-result_job-search-card-subtitle
12,"Senior Software Engineer - Ad Infra, Lyft Ads",Lyft,https://ca.linkedin.com/jobs/view/senior-software-engineer-ad-infra-lyft-ads-at-lyft-4432492016?position=3&pageNum=2&refId=ZaWbi44ldANMh11GBKcEJg%3D%3D&trackingId=MA9tvAFcK%2FpU9fT6iWQW8g%3D%3D,"Toronto, Ontario, Canada",https://www.linkedin.com/company/lyft?trk=public_jobs_jserp-result_job-search-card-subtitle
13,Software Engineer,Powered by People (PBP),https://ca.linkedin.com/jobs/view/software-engineer-at-powered-by-people-pbp-4431275653?position=4&pageNum=2&refId=ZaWbi44ldANMh11GBKcEJg%3D%3D&trackingId=ZwR9khR2N4Oc5ndTiToDqg%3D%3D,"Toronto, Ontario, Canada",https://ca.linkedin.com/company/powered-by-people-pbp?trk=public_jobs_jserp-result_job-search-card-subtitle
14,Senior Software Developer,BuzzClan,https://ca.linkedin.com/jobs/view/senior-software-developer-at-buzzclan-4431268009?position=5&pageNum=2&refId=ZaWbi44ldANMh11GBKcEJg%3D%3D&trackingId=NDY4N%2BO4AqsZ8qkPcv%2By%2BQ%3D%3D,"Toronto, Ontario, Canada",https://www.linkedin.com/company/buzzclan-llc?trk=public_jobs_jserp-result_job-search-card-subtitle
15,"Software Developer - Back End II Toronto, ON",Russell Tobin,https://ca.linkedin.com/jobs/view/software-developer-back-end-ii-toronto-on-at-russell-tobin-4432591854?position=6&pageNum=2&refId=ZaWbi44ldANMh11GBKcEJg%3D%3D&trackingId=XxqZKPppS04U3RZsJvp89g%3D%3D,"Toronto, Ontario, Canada",https://www.linkedin.com/company/russell-tobin-&-associates-llc?trk=public_jobs_jserp-result_job-search-card-subtitle
16,Software Engineer (Java Developer),Intellibus,https://ca.linkedin.com/jobs/view/software-engineer-java-developer-at-intellibus-4431266789?position=7&pageNum=2&refId=ZaWbi44ldANMh11GBKcEJg%3D%3D&trackingId=MDI%2F%2FI5sGar44mw5rR8JZQ%3D%3D,"Toronto, Ontario, Canada",https://www.linkedin.com/company/intellibus-inc?trk=public_jobs_jserp-result_job-search-card-subtitle
17,UI developer,eHub Global Inc,https://ca.linkedin.com/jobs/view/ui-developer-at-ehub-global-inc-4432897063?position=8&pageNum=2&refId=ZaWbi44ldANMh11GBKcEJg%3D%3D&trackingId=qnSJ6ela5SF8zZVhh1yIrg%3D%3D,"Toronto, Ontario, Canada",https://www.linkedin.com/company/ehub-global?trk=public_jobs_jserp-result_job-search-card-subtitle
18,"Software Engineer, Detection (TOR)",Doppel,https://ca.linkedin.com/jobs/view/software-engineer-detection-tor-at-doppel-4410328240?position=9&pageNum=2&refId=ZaWbi44ldANMh11GBKcEJg%3D%3D&trackingId=XbwGmvVVAFEJPOkrghihNQ%3D%3D,"Toronto, Ontario, Canada",https://www.linkedin.com/company/doppelhq?trk=public_jobs_jserp-result_job-search-card-subtitle
19,Software Engineer - Front End,Veeva Systems,https://ca.linkedin.com/jobs/view/software-engineer-front-end-at-veeva-systems-4401871251?position=10&pageNum=2&refId=ZaWbi44ldANMh11GBKcEJg%3D%3D&trackingId=vpp%2Buqnm%2FNWc9BNyam4zHw%3D%3D,"Ottawa, Ontario, Canada",https://www.linkedin.com/company/veeva-systems?trk=public_jobs_jserp-result_job-search-card-subtitle
20,"Programmer, Active Living",Town of Caledon,https://ca.linkedin.com/jobs/view/programmer-active-living-at-town-of-caledon-4432479627?position=1&pageNum=5&refId=ua4BxzEMOU%2FzEmzBjJACMA%3D%3D&trackingId=tfPAqUmHSi2aDncuYpBJ7Q%3D%3D,"Caledon, Ontario, Canada",https://ca.linkedin.com/company/town-of-caledon?trk=public_jobs_jserp-result_job-search-card-subtitle
21,"Student, Associate Software Engineer (Fall 2026)",Sun Life,https://ca.linkedin.com/jobs/view/student-associate-software-engineer-fall-2026-at-sun-life-4432472344?position=2&pageNum=5&refId=ua4BxzEMOU%2FzEmzBjJACMA%3D%3D&trackingId=DEtxYyQw7xiedk82hsTAiw%3D%3D,"North York, Ontario, Canada",https://www.linkedin.com/company/sun-life-financial?trk=public_jobs_jserp-result_job-search-card-subtitle
22,Senior Software Engineer,KTek Resourcing,https://ca.linkedin.com/jobs/view/senior-software-engineer-at-ktek-resourcing-4432416674?position=3&pageNum=5&refId=ua4BxzEMOU%2FzEmzBjJACMA%3D%3D&trackingId=4Zr644XmJP3J8BeiITcfXQ%3D%3D,"Greater Toronto Area, Canada",https://www.linkedin.com/company/ktekresourcing?trk=public_jobs_jserp-result_job-search-card-subtitle
23,Software Engineer — AI Code Ranking,Alignerr,https://ca.linkedin.com/jobs/view/software-engineer-%E2%80%94-ai-code-ranking-at-alignerr-4433015064?position=4&pageNum=5&refId=ua4BxzEMOU%2FzEmzBjJACMA%3D%3D&trackingId=No9m7Ir3R3ea6V3XTixlVA%3D%3D,"Toronto, Ontario, Canada",https://www.linkedin.com/company/alignerr?trk=public_jobs_jserp-result_job-search-card-subtitle
24,Developer,Intelliswift - An LTTS Company,https://ca.linkedin.com/jobs/view/developer-at-intelliswift-an-ltts-company-4418817506?position=5&pageNum=5&refId=ua4BxzEMOU%2FzEmzBjJACMA%3D%3D&trackingId=KtgdJj9PDaF9tuIBxdWTIQ%3D%3D,"Toronto, Ontario, Canada",https://www.linkedin.com/company/intelliswift?trk=public_jobs_jserp-result_job-search-card-subtitle
25,"Engineer- Programmer, Junior",Linamar Corporation,https://ca.linkedin.com/jobs/view/engineer-programmer-junior-at-linamar-corporation-4424256808?position=6&pageNum=5&refId=ua4BxzEMOU%2FzEmzBjJACMA%3D%3D&trackingId=gFqIuOZWkGho6FlIRb2YFw%3D%3D,"Guelph, Ontario, Canada",https://ca.linkedin.com/company/linamar?trk=public_jobs_jserp-result_job-search-card-subtitle
26,Founding Engineer,Requesty,https://ca.linkedin.com/jobs/view/founding-engineer-at-requesty-4432865800?position=7&pageNum=5&refId=ua4BxzEMOU%2FzEmzBjJACMA%3D%3D&trackingId=haH2VlN9CfxfawpHSehfPw%3D%3D,"London, Ontario, Canada",https://uk.linkedin.com/company/requesty?trk=public_jobs_jserp-result_job-search-card-subtitle
27,Senior Java Software Engineer,Altimetrik,https://ca.linkedin.com/jobs/view/senior-java-software-engineer-at-altimetrik-4432210805?position=8&pageNum=5&refId=ua4BxzEMOU%2FzEmzBjJACMA%3D%3D&trackingId=mKMStguK36nVcWWsw0RKLg%3D%3D,"Mississauga, Ontario, Canada",https://www.linkedin.com/company/altimetrik?trk=public_jobs_jserp-result_job-search-card-subtitle
28,Software Engineer - Full Stack,Veeva Systems,https://ca.linkedin.com/jobs/view/software-engineer-full-stack-at-veeva-systems-4385976046?position=9&pageNum=5&refId=ua4BxzEMOU%2FzEmzBjJACMA%3D%3D&trackingId=vA%2FfJsNGTSoMz5pCEkrVlw%3D%3D,"Ottawa, Ontario, Canada",https://www.linkedin.com/company/veeva-systems?trk=public_jobs_jserp-result_job-search-card-subtitle
29,C++ Developer with Capital Markets,J&M Group,https://ca.linkedin.com/jobs/view/c%2B%2B-developer-with-capital-markets-at-j-m-group-4432256372?position=10&pageNum=5&refId=ua4BxzEMOU%2FzEmzBjJACMA%3D%3D&trackingId=mlcYAfIPIUfY4sSYzyk02g%3D%3D,"Toronto, Ontario, Canada",https://ca.linkedin.com/company/jmgroupinc?trk=public_jobs_jserp-result_job-search-card-subtitle
30,User Interface Engineer,MSR Technology Group,https://ca.linkedin.com/jobs/view/user-interface-engineer-at-msr-technology-group-4431268966?position=1&pageNum=7&refId=mkxs2ySYuYAjJgVX2GfiIQ%3D%3D&trackingId=iD7rS6yfrbBOscvqLBzgDg%3D%3D,"Toronto, Ontario, Canada",https://www.linkedin.com/company/msr-technology-group?trk=public_jobs_jserp-result_job-search-card-subtitle
31,Senior Software Developer,CNN,https://ca.linkedin.com/jobs/view/senior-software-developer-at-cnn-4432459669?position=2&pageNum=7&refId=mkxs2ySYuYAjJgVX2GfiIQ%3D%3D&trackingId=t58sZPpbIatJn07O3Z8oYA%3D%3D,"Kanata, Ontario, Canada",https://www.linkedin.com/company/cnn?trk=public_jobs_jserp-result_job-search-card-subtitle
32,Software Engineer - Backend (Python),"Scribd, Inc.",https://ca.linkedin.com/jobs/view/software-engineer-backend-python-at-scribd-inc-4391883838?position=3&pageNum=7&refId=mkxs2ySYuYAjJgVX2GfiIQ%3D%3D&trackingId=kXrAf%2Ff9DYYjXhyZmHg5%2BA%3D%3D,"Ottawa, Ontario, Canada",https://www.linkedin.com/company/scribdinc?trk=public_jobs_jserp-result_job-search-card-subtitle
33,Staff Software Engineer,Nubank,https://ca.linkedin.com/jobs/view/staff-software-engineer-at-nubank-4422467038?position=4&pageNum=7&refId=mkxs2ySYuYAjJgVX2GfiIQ%3D%3D&trackingId=JFJqI8yA12rehtkP9pKKgQ%3D%3D,"Toronto, Ontario, Canada",https://br.linkedin.com/company/nubank?trk=public_jobs_jserp-result_job-search-card-subtitle
34,Product Engineering (Android & Java),Allstate Canada,https://ca.linkedin.com/jobs/view/product-engineering-android-java-at-allstate-canada-4426678044?position=5&pageNum=7&refId=mkxs2ySYuYAjJgVX2GfiIQ%3D%3D&trackingId=IZKBMDd7I23X%2FWhxuZ6DAQ%3D%3D,"Toronto, Ontario, Canada",https://ca.linkedin.com/company/allstatecanada?trk=public_jobs_jserp-result_job-search-card-subtitle
35,Senior Software Developer,CNN,https://ca.linkedin.com/jobs/view/senior-software-developer-at-cnn-4413758080?position=6&pageNum=7&refId=mkxs2ySYuYAjJgVX2GfiIQ%3D%3D&trackingId=IDUbR7tDdGo6QKxNfgD8zg%3D%3D,"Kanata, Ontario, Canada",https://www.linkedin.com/company/cnn?trk=public_jobs_jserp-result_job-search-card-subtitle
36,Staff Software Engineer,ChainPatrol,https://ca.linkedin.com/jobs/view/staff-software-engineer-at-chainpatrol-4431291928?position=7&pageNum=7&refId=mkxs2ySYuYAjJgVX2GfiIQ%3D%3D&trackingId=1lQ6AqLOCc%2F2k8O0C%2FMpnw%3D%3D,"Toronto, Ontario, Canada",https://www.linkedin.com/company/chainpatrol?trk=public_jobs_jserp-result_job-search-card-subtitle
37,QA Developer,"Maplesoft Group, an SEB Company",https://ca.linkedin.com/jobs/view/qa-developer-at-maplesoft-group-an-seb-company-4432818576?position=8&pageNum=7&refId=mkxs2ySYuYAjJgVX2GfiIQ%3D%3D&trackingId=cZ2I%2BommrZjgtL5jPZ8aLw%3D%3D,"Toronto, Ontario, Canada",https://ca.linkedin.com/company/maplesoft-group?trk=public_jobs_jserp-result_job-search-card-subtitle
38,"MTS Software Engineer, Data Platform",eBay,https://ca.linkedin.com/jobs/view/mts-software-engineer-data-platform-at-ebay-4410347184?position=9&pageNum=7&refId=mkxs2ySYuYAjJgVX2GfiIQ%3D%3D&trackingId=ngwRqvHp2xXaC0ZR1NKBTQ%3D%3D,"Toronto, Ontario, Canada",https://www.linkedin.com/company/ebay?trk=public_jobs_jserp-result_job-search-card-subtitle
39,"Software Engineer, Global Payments Technology",Scotiabank,https://ca.linkedin.com/jobs/view/software-engineer-global-payments-technology-at-scotiabank-4432850915?position=10&pageNum=7&refId=mkxs2ySYuYAjJgVX2GfiIQ%3D%3D&trackingId=8KISMJv77Y63iud%2Bd0RIMA%3D%3D,"Toronto, Ontario, Canada",https://ca.linkedin.com/company/scotiabank?trk=public_jobs_jserp-result_job-search-card-subtitle
40,"Software Engineer I, Private Equity Innovation",Bain & Company,https://ca.linkedin.com/jobs/view/software-engineer-i-private-equity-innovation-at-bain-company-4432404014?position=1&pageNum=10&refId=vIqLUwB9gzxCrYD%2BYk5dgA%3D%3D&trackingId=S7dESSpZzPw9FIJOwXCyoA%3D%3D,"Toronto, Ontario, Canada",https://www.linkedin.com/company/bain-and-company?trk=public_jobs_jserp-result_job-search-card-subtitle
41,Lead Software Engineer,Itechmatics,https://ca.linkedin.com/jobs/view/lead-software-engineer-at-itechmatics-4432574343?position=2&pageNum=10&refId=vIqLUwB9gzxCrYD%2BYk5dgA%3D%3D&trackingId=HQubD7u116MSih2rke%2BVtw%3D%3D,"Toronto, Ontario, Canada",https://www.linkedin.com/company/itechmaticsinc?trk=public_jobs_jserp-result_job-search-card-subtitle
42,Principal Engineer,Fulfillment IQ,https://ca.linkedin.com/jobs/view/principal-engineer-at-fulfillment-iq-4431297410?position=3&pageNum=10&refId=vIqLUwB9gzxCrYD%2BYk5dgA%3D%3D&trackingId=TRTVvKhxT2gZrul8xjlVFw%3D%3D,"Toronto, Ontario, Canada",https://www.linkedin.com/company/fulfillmentiq?trk=public_jobs_jserp-result_job-search-card-subtitle
43,Software Engineer III,TD,https://ca.linkedin.com/jobs/view/software-engineer-iii-at-td-4422150081?position=4&pageNum=10&refId=vIqLUwB9gzxCrYD%2BYk5dgA%3D%3D&trackingId=1q9LZ2q1Ms2BiWVBSdAgsg%3D%3D,"Toronto, Ontario, Canada",https://ca.linkedin.com/company/td?trk=public_jobs_jserp-result_job-search-card-subtitle
44,Applied Scientist AI/ML,Opendoor,https://ca.linkedin.com/jobs/view/applied-scientist-ai-ml-at-opendoor-4413715006?position=5&pageNum=10&refId=vIqLUwB9gzxCrYD%2BYk5dgA%3D%3D&trackingId=ReiwjvH4sM4x%2BxNy%2FmMMAQ%3D%3D,"Toronto, Ontario, Canada",https://www.linkedin.com/company/opendoor-com?trk=public_jobs_jserp-result_job-search-card-subtitle
45,Power System Engineer,Artelia,https://ca.linkedin.com/jobs/view/power-system-engineer-at-artelia-4422443998?position=6&pageNum=10&refId=vIqLUwB9gzxCrYD%2BYk5dgA%3D%3D&trackingId=cgn8Melm3oaHtElCRSem7w%3D%3D,"Mississauga, Ontario, Canada",https://fr.linkedin.com/company/artelia-group?trk=public_jobs_jserp-result_job-search-card-subtitle
46,Fabric Data Engineer,Iris Software Inc.,https://ca.linkedin.com/jobs/view/fabric-data-engineer-at-iris-software-inc-4431252601?position=7&pageNum=10&refId=vIqLUwB9gzxCrYD%2BYk5dgA%3D%3D&trackingId=mE0ByXGRSnhOChNh5njn%2BA%3D%3D,"Toronto, Ontario, Canada",https://www.linkedin.com/company/iris-software-inc.?trk=public_jobs_jserp-result_job-search-card-subtitle
47,Senior Software Developer,FGF Brands,https://ca.linkedin.com/jobs/view/senior-software-developer-at-fgf-brands-4432296502?position=8&pageNum=10&refId=vIqLUwB9gzxCrYD%2BYk5dgA%3D%3D&trackingId=Y9kNosQ5dPU%2BgWY877yz7A%3D%3D,"Greater Toronto Area, Canada",https://ca.linkedin.com/company/fgf-brands?trk=public_jobs_jserp-result_job-search-card-subtitle
48,Revenue Operations Engineer,Guardian Capital Group,https://ca.linkedin.com/jobs/view/revenue-operations-engineer-at-guardian-capital-group-4429459840?position=9&pageNum=10&refId=vIqLUwB9gzxCrYD%2BYk5dgA%3D%3D&trackingId=dwOcfpxQzu41JH46MPbKQQ%3D%3D,"Toronto, Ontario, Canada",https://ca.linkedin.com/company/guardian-capital?trk=public_jobs_jserp-result_job-search-card-subtitle
49,Guidewire QA Engineer,Envision Technology Solutions,https://ca.linkedin.com/jobs/view/guidewire-qa-engineer-at-envision-technology-solutions-4431401262?position=10&pageNum=10&refId=vIqLUwB9gzxCrYD%2BYk5dgA%3D%3D&trackingId=0Kf4q6mv0PLWZ%2Fa6o8lH8A%3D%3D,"Kitchener, Ontario, Canada",https://www.linkedin.com/company/envision-tech-sol?trk=public_jobs_jserp-result_job-search-card-subtitle
50,Intermediate Backend Developer (Contract Role - 6 months),Capco,https://ca.linkedin.com/jobs/view/intermediate-backend-developer-contract-role-6-months-at-capco-4432493138?position=1&pageNum=12&refId=%2F2id8CRNwMPTYCxGYkIS4w%3D%3D&trackingId=jhIFtwU%2BjPMWxqDhRJCNhg%3D%3D,"Toronto, Ontario, Canada",https://uk.linkedin.com/company/capco?trk=public_jobs_jserp-result_job-search-card-subtitle
51,Senior Software Developer (Java Modern Backend Development),Descartes Systems Group,https://ca.linkedin.com/jobs/view/senior-software-developer-java-modern-backend-development-at-descartes-systems-group-4423228816?position=2&pageNum=12&refId=%2F2id8CRNwMPTYCxGYkIS4w%3D%3D&trackingId=kOVEs2i3IUMohNbWuFfxRA%3D%3D,"Waterloo, Ontario, Canada",https://ca.linkedin.com/company/descartes-systems-group?trk=public_jobs_jserp-result_job-search-card-subtitle
52,Software Engineer Technical Lead,Soroc Technology,https://ca.linkedin.com/jobs/view/software-engineer-technical-lead-at-soroc-technology-4432862182?position=3&pageNum=12&refId=%2F2id8CRNwMPTYCxGYkIS4w%3D%3D&trackingId=nT7TiZIy%2FGkBnu58O5vl%2BQ%3D%3D,"Ontario, Canada",https://ca.linkedin.com/company/soroc-technology?trk=public_jobs_jserp-result_job-search-card-subtitle
53,Senior Developer,Scotiabank,https://ca.linkedin.com/jobs/view/senior-developer-at-scotiabank-4423261889?position=4&pageNum=12&refId=%2F2id8CRNwMPTYCxGYkIS4w%3D%3D&trackingId=A4EY9tTFNPNQv9XL7eWMpw%3D%3D,"Toronto, Ontario, Canada",https://ca.linkedin.com/company/scotiabank?trk=public_jobs_jserp-result_job-search-card-subtitle
54,Test Development Engineer,TransUnion,https://ca.linkedin.com/jobs/view/test-development-engineer-at-transunion-4423295913?position=5&pageNum=12&refId=%2F2id8CRNwMPTYCxGYkIS4w%3D%3D&trackingId=MLKJu7dDJ0sW1YQ1a6gKMg%3D%3D,"Burlington, Ontario, Canada",https://www.linkedin.com/company/transunion?trk=public_jobs_jserp-result_job-search-card-subtitle
55,Guidewire Developer,Pacer Group,https://ca.linkedin.com/jobs/view/guidewire-developer-at-pacer-group-4432291432?position=6&pageNum=12&refId=%2F2id8CRNwMPTYCxGYkIS4w%3D%3D&trackingId=qfkQPVKu4MYSh%2F3AgexDZQ%3D%3D,"Toronto, Ontario, Canada",https://www.linkedin.com/company/pacergroup?trk=public_jobs_jserp-result_job-search-card-subtitle
56,Software Test Engineer II,First National Financial LP,https://ca.linkedin.com/jobs/view/software-test-engineer-ii-at-first-national-financial-lp-4431884472?position=7&pageNum=12&refId=%2F2id8CRNwMPTYCxGYkIS4w%3D%3D&trackingId=P713Uqbzw5bd8%2BQOO5SmHA%3D%3D,"Toronto, Ontario, Canada",https://ca.linkedin.com/company/first-national-financial-lp?trk=public_jobs_jserp-result_job-search-card-subtitle
57,Senior Backend Engineer,"Computrition, Inc.",https://ca.linkedin.com/jobs/view/senior-backend-engineer-at-computrition-inc-4387891864?position=8&pageNum=12&refId=%2F2id8CRNwMPTYCxGYkIS4w%3D%3D&trackingId=FbLysSBgk9YjDI0K%2FQoAcg%3D%3D,"Greater Toronto Area, Canada",https://www.linkedin.com/company/computrition-inc.?trk=public_jobs_jserp-result_job-search-card-subtitle
58,Senior Software Engineer (Fullstack),Mediafly,https://ca.linkedin.com/jobs/view/senior-software-engineer-fullstack-at-mediafly-4431891470?position=9&pageNum=12&refId=%2F2id8CRNwMPTYCxGYkIS4w%3D%3D&trackingId=PjNLzuM9ZhuXSE7BLr6%2ByA%3D%3D,"Greater Toronto Area, Canada",https://www.linkedin.com/company/mediafly?trk=public_jobs_jserp-result_job-search-card-subtitle
59,IT - Applications Developer - Intermediate,Apex Systems,https://ca.linkedin.com/jobs/view/it-applications-developer-intermediate-at-apex-systems-4432447924?position=10&pageNum=12&refId=%2F2id8CRNwMPTYCxGYkIS4w%3D%3D&trackingId=M6uN2dadHQeUDMtUD7DddA%3D%3D,"Toronto, Ontario, Canada",https://www.linkedin.com/company/apex-systems?trk=public_jobs_jserp-result_job-search-card-subtitle
60,Mulesoft developer,Synechron,https://ca.linkedin.com/jobs/view/mulesoft-developer-at-synechron-4431270547?position=1&pageNum=15&refId=bNDwmfM4iYT43D1elJxKmg%3D%3D&trackingId=tnCrvcwRiYT5I8e9Xm8W8Q%3D%3D,"Toronto, Ontario, Canada",https://www.linkedin.com/company/synechron?trk=public_jobs_jserp-result_job-search-card-subtitle
61,Data Platform Operations Engineer,Scotiabank,https://ca.linkedin.com/jobs/view/data-platform-operations-engineer-at-scotiabank-4413812957?position=2&pageNum=15&refId=bNDwmfM4iYT43D1elJxKmg%3D%3D&trackingId=EypsUljZ6vrqQXAeB7WgDA%3D%3D,"Toronto, Ontario, Canada",https://ca.linkedin.com/company/scotiabank?trk=public_jobs_jserp-result_job-search-card-subtitle
62,Senior Software Engineer,Clutch,https://ca.linkedin.com/jobs/view/senior-software-engineer-at-clutch-4431265287?position=3&pageNum=15&refId=bNDwmfM4iYT43D1elJxKmg%3D%3D&trackingId=qXnaBNiZSqAfNXWLTKQKVQ%3D%3D,"Toronto, Ontario, Canada",https://ca.linkedin.com/company/clutch-canada?trk=public_jobs_jserp-result_job-search-card-subtitle
63,Machine Learning Researcher,RBC,https://ca.linkedin.com/jobs/view/machine-learning-researcher-at-rbc-4422386590?position=4&pageNum=15&refId=bNDwmfM4iYT43D1elJxKmg%3D%3D&trackingId=icg4yjbLxngf2OIcCfqQEQ%3D%3D,"Toronto, Ontario, Canada",https://ca.linkedin.com/company/rbc?trk=public_jobs_jserp-result_job-search-card-subtitle
64,Senior Software Developer - Back End,2iSolutions Inc.,https://ca.linkedin.com/jobs/view/senior-software-developer-back-end-at-2isolutions-inc-4432805827?position=5&pageNum=15&refId=bNDwmfM4iYT43D1elJxKmg%3D%3D&trackingId=PL%2BmBjKNgZMvjV%2BLKma7vA%3D%3D,"Toronto, Ontario, Canada",https://ca.linkedin.com/company/2isolutions-inc-?trk=public_jobs_jserp-result_job-search-card-subtitle
65,"Senior Software Engineer, Scheduling",Toast,https://ca.linkedin.com/jobs/view/senior-software-engineer-scheduling-at-toast-4413273766?position=6&pageNum=15&refId=bNDwmfM4iYT43D1elJxKmg%3D%3D&trackingId=pzBveNF6OhCzmS3LJDoRvQ%3D%3D,"Toronto, Ontario, Canada",https://www.linkedin.com/company/toast-inc?trk=public_jobs_jserp-result_job-search-card-subtitle
66,Staff Software Engineer - UI Platform (Toronto),Okta,https://ca.linkedin.com/jobs/view/staff-software-engineer-ui-platform-toronto-at-okta-4429470598?position=7&pageNum=15&refId=bNDwmfM4iYT43D1elJxKmg%3D%3D&trackingId=5%2BLqwQVteotmBKF8LWCcYQ%3D%3D,"Toronto, Ontario, Canada",https://www.linkedin.com/company/okta-inc-?trk=public_jobs_jserp-result_job-search-card-subtitle
67,R-10063879 Software Engineer – Hardware Design Verification,NXP Semiconductors,https://ca.linkedin.com/jobs/view/r-10063879-software-engineer-%E2%80%93-hardware-design-verification-at-nxp-semiconductors-4432813407?position=8&pageNum=15&refId=bNDwmfM4iYT43D1elJxKmg%3D%3D&trackingId=s2Kz9M9PmFvN3A%2FZG9%2FW7g%3D%3D,"Kanata, Ontario, Canada",https://nl.linkedin.com/company/nxp-semiconductors?trk=public_jobs_jserp-result_job-search-card-subtitle
68,Staff Software Engineer II,Thomson Reuters,https://ca.linkedin.com/jobs/view/staff-software-engineer-ii-at-thomson-reuters-4382242315?position=9&pageNum=15&refId=bNDwmfM4iYT43D1elJxKmg%3D%3D&trackingId=fE7wbO0bE9kfIRGSIUrTRg%3D%3D,"Toronto, Ontario, Canada",https://ca.linkedin.com/company/thomson-reuters?trk=public_jobs_jserp-result_job-search-card-subtitle
69,"Senior Software Developer, Cloud Platform",Verily Health,https://ca.linkedin.com/jobs/view/senior-software-developer-cloud-platform-at-verily-health-4423997201?position=10&pageNum=15&refId=bNDwmfM4iYT43D1elJxKmg%3D%3D&trackingId=lvBXLUU99%2FVi%2BphrWt7m%2Bg%3D%3D,"Waterloo, Ontario, Canada",https://www.linkedin.com/company/verilyhealth?trk=public_jobs_jserp-result_job-search-card-subtitle
70,Guidewire QA/Tester,Pacer Group,https://ca.linkedin.com/jobs/view/guidewire-qa-tester-at-pacer-group-4429881117?position=1&pageNum=17&refId=lBylX8jhIMbXat5fIgGptA%3D%3D&trackingId=QNA1yw%2BksRryHWICGJS%2FZQ%3D%3D,"Kitchener, Ontario, Canada",https://www.linkedin.com/company/pacergroup?trk=public_jobs_jserp-result_job-search-card-subtitle
71,Senior Software Engineer - Front End,Veeva Systems,https://ca.linkedin.com/jobs/view/senior-software-engineer-front-end-at-veeva-systems-4377601638?position=2&pageNum=17&refId=lBylX8jhIMbXat5fIgGptA%3D%3D&trackingId=5%2BxFAec2Q326D4y35wSZZA%3D%3D,"Toronto, Ontario, Canada",https://www.linkedin.com/company/veeva-systems?trk=public_jobs_jserp-result_job-search-card-subtitle
72,Quality Assurance Engineer,KUBRA,https://ca.linkedin.com/jobs/view/quality-assurance-engineer-at-kubra-4422323108?position=3&pageNum=17&refId=lBylX8jhIMbXat5fIgGptA%3D%3D&trackingId=aPsSqcP7oZXeNrRyJjsjHQ%3D%3D,"Mississauga, Ontario, Canada",https://www.linkedin.com/company/kubra-data-transfer?trk=public_jobs_jserp-result_job-search-card-subtitle
73,"Senior Software Engineer, Product Platform",Block,https://ca.linkedin.com/jobs/view/senior-software-engineer-product-platform-at-block-4419634284?position=4&pageNum=17&refId=lBylX8jhIMbXat5fIgGptA%3D%3D&trackingId=4zJKwYw6bBzN2ayinsPGWA%3D%3D,"Toronto, Ontario, Canada",https://www.linkedin.com/company/joinblock?trk=public_jobs_jserp-result_job-search-card-subtitle
74,Intermediate to Senior Software Engineer,DataStealth.io,https://ca.linkedin.com/jobs/view/intermediate-to-senior-software-engineer-at-datastealth-io-4397638148?position=5&pageNum=17&refId=lBylX8jhIMbXat5fIgGptA%3D%3D&trackingId=qybOQO%2BjPeCzLGvUrTLEJg%3D%3D,"Mississauga, Ontario, Canada",https://ca.linkedin.com/company/datastealth?trk=public_jobs_jserp-result_job-search-card-subtitle
75,Senior Software Developer,RBC,https://ca.linkedin.com/jobs/view/senior-software-developer-at-rbc-4433068169?position=6&pageNum=17&refId=lBylX8jhIMbXat5fIgGptA%3D%3D&trackingId=5xZiWScLC%2BbDcZPyHXCA2Q%3D%3D,"Toronto, Ontario, Canada",https://ca.linkedin.com/company/rbc?trk=public_jobs_jserp-result_job-search-card-subtitle
76,"AI Enablement Intern - Waterloo, ON",Mach7 Technologies,https://ca.linkedin.com/jobs/view/ai-enablement-intern-waterloo-on-at-mach7-technologies-4417658595?position=7&pageNum=17&refId=lBylX8jhIMbXat5fIgGptA%3D%3D&trackingId=uHhaM%2FrqJzNtnjbhLRINpg%3D%3D,"Waterloo, Ontario, Canada",https://www.linkedin.com/company/mach-7-technologies?trk=public_jobs_jserp-result_job-search-card-subtitle
77,"Senior Software Engineer, Backend (Infrastructure)",Affirm,https://ca.linkedin.com/jobs/view/senior-software-engineer-backend-infrastructure-at-affirm-4423408049?position=8&pageNum=17&refId=lBylX8jhIMbXat5fIgGptA%3D%3D&trackingId=6CoilBOuwy1kKyHwqFvqlg%3D%3D,"Toronto, Ontario, Canada",https://www.linkedin.com/company/affirm?trk=public_jobs_jserp-result_job-search-card-subtitle
78,Calibration Engineer,Artech L.L.C.,https://ca.linkedin.com/jobs/view/calibration-engineer-at-artech-l-l-c-4431447320?position=9&pageNum=17&refId=lBylX8jhIMbXat5fIgGptA%3D%3D&trackingId=nEsiZsycbexnyMpbVdZxKg%3D%3D,"Waterloo, Ontario, Canada",https://www.linkedin.com/company/artechllc?trk=public_jobs_jserp-result_job-search-card-subtitle
79,Staff Software Engineer,Emburse,https://ca.linkedin.com/jobs/view/staff-software-engineer-at-emburse-4298686941?position=10&pageNum=17&refId=lBylX8jhIMbXat5fIgGptA%3D%3D&trackingId=uRzMQ%2FT0ID1wRcVYLYctqw%3D%3D,"Toronto, Ontario, Canada",https://www.linkedin.com/company/emburse?trk=public_jobs_jserp-result_job-search-card-subtitle
80,"Software Engineer II, Backend (Infrastructure Platform)",Affirm,https://ca.linkedin.com/jobs/view/software-engineer-ii-backend-infrastructure-platform-at-affirm-4431291695?position=1&pageNum=20&refId=gLzi3v%2BclEwzTc1evQm69g%3D%3D&trackingId=IanOwe5kwVzy5I39mD7TLQ%3D%3D,"Ottawa, Ontario, Canada",https://www.linkedin.com/company/affirm?trk=public_jobs_jserp-result_job-search-card-subtitle
81,Engineering Specialist,Canada Life,https://ca.linkedin.com/jobs/view/engineering-specialist-at-canada-life-4432876133?position=2&pageNum=20&refId=gLzi3v%2BclEwzTc1evQm69g%3D%3D&trackingId=JOPZklNX%2FxyVnloGELTVWw%3D%3D,"London, Ontario, Canada",https://ca.linkedin.com/company/canada-life?trk=public_jobs_jserp-result_job-search-card-subtitle
82,"Software Engineer II, Backend (Infrastructure Platform)",Affirm,https://ca.linkedin.com/jobs/view/software-engineer-ii-backend-infrastructure-platform-at-affirm-4431401555?position=3&pageNum=20&refId=gLzi3v%2BclEwzTc1evQm69g%3D%3D&trackingId=UxjfyjfeXOftTapvGeklAQ%3D%3D,"Toronto, Ontario, Canada",https://www.linkedin.com/company/affirm?trk=public_jobs_jserp-result_job-search-card-subtitle
83,Intermediate Software Engineer,Achievers,https://ca.linkedin.com/jobs/view/intermediate-software-engineer-at-achievers-4422407227?position=4&pageNum=20&refId=gLzi3v%2BclEwzTc1evQm69g%3D%3D&trackingId=kaGNEbyYUPSlibznNMZfvA%3D%3D,"Toronto, Ontario, Canada",https://ca.linkedin.com/company/achievers?trk=public_jobs_jserp-result_job-search-card-subtitle
84,Machine Learning Engineer,GitHub,https://ca.linkedin.com/jobs/view/machine-learning-engineer-at-github-4433050658?position=5&pageNum=20&refId=gLzi3v%2BclEwzTc1evQm69g%3D%3D&trackingId=br%2BvNJVBtMjQzWegSrA94Q%3D%3D,"Ontario, Canada",https://www.linkedin.com/company/github?trk=public_jobs_jserp-result_job-search-card-subtitle
85,Senior Software Developer - tvOS,CNN,https://ca.linkedin.com/jobs/view/senior-software-developer-tvos-at-cnn-4413166463?position=6&pageNum=20&refId=gLzi3v%2BclEwzTc1evQm69g%3D%3D&trackingId=181jvgqtc23tIFu%2Fl2QLPA%3D%3D,"Kanata, Ontario, Canada",https://www.linkedin.com/company/cnn?trk=public_jobs_jserp-result_job-search-card-subtitle
86,Civil Engineer,Recruitment By Design,https://ca.linkedin.com/jobs/view/civil-engineer-at-recruitment-by-design-4432267512?position=7&pageNum=20&refId=gLzi3v%2BclEwzTc1evQm69g%3D%3D&trackingId=e1rRoV%2FLa7YLCLNljrcC1Q%3D%3D,"Ontario, Canada",https://ca.linkedin.com/company/recruitment-by-design?trk=public_jobs_jserp-result_job-search-card-subtitle
87,Data Scientist (Masters),Alignerr,https://ca.linkedin.com/jobs/view/data-scientist-masters-at-alignerr-4432497082?position=8&pageNum=20&refId=gLzi3v%2BclEwzTc1evQm69g%3D%3D&trackingId=tzgjQPM4Mh173xJnVL6InQ%3D%3D,"Toronto, Ontario, Canada",https://www.linkedin.com/company/alignerr?trk=public_jobs_jserp-result_job-search-card-subtitle
88,"Software Engineer II, Backend (Infrastructure Platform)",Affirm,https://ca.linkedin.com/jobs/view/software-engineer-ii-backend-infrastructure-platform-at-affirm-4431289678?position=9&pageNum=20&refId=gLzi3v%2BclEwzTc1evQm69g%3D%3D&trackingId=Q0uQRFzJW7VBjaj8Pa%2FjMQ%3D%3D,"Kitchener, Ontario, Canada",https://www.linkedin.com/company/affirm?trk=public_jobs_jserp-result_job-search-card-subtitle
89,CRM Developer- #26-14967,US Tech Solutions,https://ca.linkedin.com/jobs/view/crm-developer-%2326-14967-at-us-tech-solutions-4432875089?position=10&pageNum=20&refId=gLzi3v%2BclEwzTc1evQm69g%3D%3D&trackingId=27%2BE7OcPDDg6nDKYQxdGCg%3D%3D,"Ottawa, Ontario, Canada",https://www.linkedin.com/company/us-tech-solutions?trk=public_jobs_jserp-result_job-search-card-subtitle
90,"Senior Software Engineer, C++",SS&C Technologies,https://ca.linkedin.com/jobs/view/senior-software-engineer-c%2B%2B-at-ss-c-technologies-4422408724?position=1&pageNum=22&refId=sq11rwRaBfxAgXkmG4wTnQ%3D%3D&trackingId=6M80yi6Ose9Y6%2Frpqh7pZQ%3D%3D,"Toronto, Ontario, Canada",https://www.linkedin.com/company/ss-c-technologies?trk=public_jobs_jserp-result_job-search-card-subtitle
91,"Senior Product Engineer, Canada",Ashby,https://ca.linkedin.com/jobs/view/senior-product-engineer-canada-at-ashby-4403611751?position=2&pageNum=22&refId=sq11rwRaBfxAgXkmG4wTnQ%3D%3D&trackingId=wOmt8CVo6vVxR4YgxJFT9Q%3D%3D,"Toronto, Ontario, Canada",https://www.linkedin.com/company/ashbyhq?trk=public_jobs_jserp-result_job-search-card-subtitle
92,"Software Engineer II, Backend (Infrastructure Platform)",Affirm,https://ca.linkedin.com/jobs/view/software-engineer-ii-backend-infrastructure-platform-at-affirm-4431289681?position=3&pageNum=22&refId=sq11rwRaBfxAgXkmG4wTnQ%3D%3D&trackingId=Kj2KBKkupkOjxT1o4ANfdw%3D%3D,"Hamilton, Ontario, Canada",https://www.linkedin.com/company/affirm?trk=public_jobs_jserp-result_job-search-card-subtitle
93,Staff Software Engineer | Canada |Remote,Grafana Labs,https://ca.linkedin.com/jobs/view/staff-software-engineer-canada-remote-at-grafana-labs-4422651597?position=4&pageNum=22&refId=sq11rwRaBfxAgXkmG4wTnQ%3D%3D&trackingId=%2Fw1%2Bi4r%2B7SRK%2BeTAUvZOsw%3D%3D,"Greater Toronto Area, Canada",https://www.linkedin.com/company/grafana-labs?trk=public_jobs_jserp-result_job-search-card-subtitle
94,Senior Activation Engineer,Omnicom Media,https://ca.linkedin.com/jobs/view/senior-activation-engineer-at-omnicom-media-4432461143?position=5&pageNum=22&refId=sq11rwRaBfxAgXkmG4wTnQ%3D%3D&trackingId=AzOvxA2RaV%2B%2BWaqqt%2FbO1g%3D%3D,"Toronto, Ontario, Canada",https://www.linkedin.com/company/omnicommedia?trk=public_jobs_jserp-result_job-search-card-subtitle
95,Senior Software Developer,BMO,https://ca.linkedin.com/jobs/view/senior-software-developer-at-bmo-4422315105?position=6&pageNum=22&refId=sq11rwRaBfxAgXkmG4wTnQ%3D%3D&trackingId=eZ1nR44On6BDubkmMyuP9w%3D%3D,"Toronto, Ontario, Canada",https://ca.linkedin.com/company/bank-of-montreal?trk=public_jobs_jserp-result_job-search-card-subtitle
96,Testing email sending (copy),Lever Middleware Test Company,https://ca.linkedin.com/jobs/view/testing-email-sending-copy-at-lever-middleware-test-company-4432863529?position=7&pageNum=22&refId=sq11rwRaBfxAgXkmG4wTnQ%3D%3D&trackingId=737q%2FBxO0NCLknff9%2FdP8w%3D%3D,"Toronto, Ontario, Canada",https://www.linkedin.com/company/lever-middleware-test-company?trk=public_jobs_jserp-result_job-search-card-subtitle
97,"Software Developer IV, Max Digital",ACV Auctions,https://ca.linkedin.com/jobs/view/software-developer-iv-max-digital-at-acv-auctions-4413731094?position=8&pageNum=22&refId=sq11rwRaBfxAgXkmG4wTnQ%3D%3D&trackingId=Aeuq45%2Fzl%2B1oYGY4Hsly9Q%3D%3D,"Toronto, Ontario, Canada",https://www.linkedin.com/company/acv-auctions?trk=public_jobs_jserp-result_job-search-card-subtitle
98,Power System Engineer,ALTEN Canada,https://ca.linkedin.com/jobs/view/power-system-engineer-at-alten-canada-4429469982?position=9&pageNum=22&refId=sq11rwRaBfxAgXkmG4wTnQ%3D%3D&trackingId=OSsMSmTjxRvIfU9PmJaynw%3D%3D,"Markham, Ontario, Canada",https://ca.linkedin.com/company/alten-canada?trk=public_jobs_jserp-result_job-search-card-subtitle
99,Senior Software Developer,Thomas Cavanagh Construction Limited,https://ca.linkedin.com/jobs/view/senior-software-developer-at-thomas-cavanagh-construction-limited-4431844239?position=10&pageNum=22&refId=sq11rwRaBfxAgXkmG4wTnQ%3D%3D&trackingId=qkOvzXXVfmfBULp%2BOyVZ7g%3D%3D,"Kanata, Ontario, Canada",https://ca.linkedin.com/company/thomas-cavanagh-construction-limited?trk=public_jobs_jserp-result_job-search-card-subtitle
100,"Senior Product Engineer, Canada",Ashby,https://ca.linkedin.com/jobs/view/senior-product-engineer-canada-at-ashby-4403325723?position=1&pageNum=25&refId=v4KsT6khz8l2QeTi7ykn6A%3D%3D&trackingId=hye834YaeCIvxeMt6WF5zg%3D%3D,"Waterloo, Ontario, Canada",https://www.linkedin.com/company/ashbyhq?trk=public_jobs_jserp-result_job-search-card-subtitle
101,Senior Software Engineer - Content Platforms Engineering,Tubi,https://ca.linkedin.com/jobs/view/senior-software-engineer-content-platforms-engineering-at-tubi-4422138872?position=2&pageNum=25&refId=v4KsT6khz8l2QeTi7ykn6A%3D%3D&trackingId=RzdudmM7dndVKmWkNBLN0A%3D%3D,"Toronto, Ontario, Canada",https://www.linkedin.com/company/tubi-tv?trk=public_jobs_jserp-result_job-search-card-subtitle
102,Senior Software Engineer - Data Platform,Coinbase,https://ca.linkedin.com/jobs/view/senior-software-engineer-data-platform-at-coinbase-4432458078?position=3&pageNum=25&refId=v4KsT6khz8l2QeTi7ykn6A%3D%3D&trackingId=k%2BaloNxWpTdHFgOcdnJXrA%3D%3D,"Toronto, Ontario, Canada",https://www.linkedin.com/company/coinbase?trk=public_jobs_jserp-result_job-search-card-subtitle
103,"Senior Developer, Digital Experience",The Salvation Army in Canada,https://ca.linkedin.com/jobs/view/senior-developer-digital-experience-at-the-salvation-army-in-canada-4432295397?position=4&pageNum=25&refId=v4KsT6khz8l2QeTi7ykn6A%3D%3D&trackingId=UFhjLv4bniHg1%2FQ7UBTxIw%3D%3D,"Ontario, Canada",https://ca.linkedin.com/company/salvationarmycanada?trk=public_jobs_jserp-result_job-search-card-subtitle
104,"Software Engineer II, Backend (Infrastructure Platform)",Affirm,https://ca.linkedin.com/jobs/view/software-engineer-ii-backend-infrastructure-platform-at-affirm-4431289680?position=5&pageNum=25&refId=v4KsT6khz8l2QeTi7ykn6A%3D%3D&trackingId=1IO6Gqua%2BHVe0HXFMSn%2BYg%3D%3D,"Windsor, Ontario, Canada",https://www.linkedin.com/company/affirm?trk=public_jobs_jserp-result_job-search-card-subtitle
105,"Software Development Manager II, Embedded Systems/Firmware",Google,https://ca.linkedin.com/jobs/view/software-development-manager-ii-embedded-systems-firmware-at-google-4423962053?position=6&pageNum=25&refId=v4KsT6khz8l2QeTi7ykn6A%3D%3D&trackingId=fSjOXkELGY0pO6%2BdLZ4jSw%3D%3D,"Waterloo, Ontario, Canada",https://www.linkedin.com/company/google?trk=public_jobs_jserp-result_job-search-card-subtitle
106,Développeur ASIC I (Temps plein) – Canada/ASIC Developer I (Full Time) – Canada ENG/CPO/WTG ETR,Cisco,https://ca.linkedin.com/jobs/view/d%C3%A9veloppeur-asic-i-temps-plein-%E2%80%93-canada-asic-developer-i-full-time-%E2%80%93-canada-eng-cpo-wtg-etr-at-cisco-4432287807?position=7&pageNum=25&refId=v4KsT6khz8l2QeTi7ykn6A%3D%3D&trackingId=H5l%2BcQSqtfAay03XG4JY3A%3D%3D,"Kanata, Ontario, Canada",https://www.linkedin.com/company/cisco?trk=public_jobs_jserp-result_job-search-card-subtitle
107,"Senior Software Engineer, Backend (Infrastructure)",Affirm,https://ca.linkedin.com/jobs/view/senior-software-engineer-backend-infrastructure-at-affirm-4423294633?position=8&pageNum=25&refId=v4KsT6khz8l2QeTi7ykn6A%3D%3D&trackingId=ip8x6zajWSIzD%2BPs2ZqE1Q%3D%3D,"Oshawa, Ontario, Canada",https://www.linkedin.com/company/affirm?trk=public_jobs_jserp-result_job-search-card-subtitle
108,Linux Network Developer - Member of Technical Staff,Aptiv,https://ca.linkedin.com/jobs/view/linux-network-developer-member-of-technical-staff-at-aptiv-4432803162?position=9&pageNum=25&refId=v4KsT6khz8l2QeTi7ykn6A%3D%3D&trackingId=fikAenvD8pnCAMJG8cEY3w%3D%3D,"Ottawa, Ontario, Canada",https://ch.linkedin.com/company/aptiv?trk=public_jobs_jserp-result_job-search-card-subtitle
109,"Software Engineer II, Backend (Infrastructure Platform)",Affirm,https://ca.linkedin.com/jobs/view/software-engineer-ii-backend-infrastructure-platform-at-affirm-4431298559?position=10&pageNum=25&refId=v4KsT6khz8l2QeTi7ykn6A%3D%3D&trackingId=2zRhPOi%2BlnFXm0Cxc6%2B7BA%3D%3D,"London, Ontario, Canada",https://www.linkedin.com/company/affirm?trk=public_jobs_jserp-result_job-search-card-subtitle
110,"Senior Software Engineer, Backend (Infrastructure)",Affirm,https://ca.linkedin.com/jobs/view/senior-software-engineer-backend-infrastructure-at-affirm-4423402137?position=1&pageNum=27&refId=ChB0Z6TXFfh9%2FA2KA2vzyQ%3D%3D&trackingId=5E8YB%2F3XsKjK6axOqsXSpQ%3D%3D,"London, Ontario, Canada",https://www.linkedin.com/company/affirm?trk=public_jobs_jserp-result_job-search-card-subtitle
111,Staff Software Engineer - AI II,Thomson Reuters,https://ca.linkedin.com/jobs/view/staff-software-engineer-ai-ii-at-thomson-reuters-4372958026?position=2&pageNum=27&refId=ChB0Z6TXFfh9%2FA2KA2vzyQ%3D%3D&trackingId=CpNshkK0%2FVzqkha2m8DJBw%3D%3D,"Toronto, Ontario, Canada",https://ca.linkedin.com/company/thomson-reuters?trk=public_jobs_jserp-result_job-search-card-subtitle
112,Senior Software Developer,Stantec,https://ca.linkedin.com/jobs/view/senior-software-developer-at-stantec-4431887508?position=3&pageNum=27&refId=ChB0Z6TXFfh9%2FA2KA2vzyQ%3D%3D&trackingId=Jtn%2BBxaCTdniFUX8OQo0UQ%3D%3D,"Mississauga, Ontario, Canada",https://ca.linkedin.com/company/stantec?trk=public_jobs_jserp-result_job-search-card-subtitle
113,"Senior Software Engineer, Backend (Infrastructure)",Affirm,https://ca.linkedin.com/jobs/view/senior-software-engineer-backend-infrastructure-at-affirm-4423408047?position=4&pageNum=27&refId=ChB0Z6TXFfh9%2FA2KA2vzyQ%3D%3D&trackingId=e9Mp6Wb0HAOHkpQPu0vp6Q%3D%3D,"Hamilton, Ontario, Canada",https://www.linkedin.com/company/affirm?trk=public_jobs_jserp-result_job-search-card-subtitle
114,Guidewire Developer- Onsite Toronto,HRConnects,https://ca.linkedin.com/jobs/view/guidewire-developer-onsite-toronto-at-hrconnects-4432819137?position=5&pageNum=27&refId=ChB0Z6TXFfh9%2FA2KA2vzyQ%3D%3D&trackingId=q2MsDqGKUORqmb5nSQfjlA%3D%3D,"Toronto, Ontario, Canada",https://ca.linkedin.com/company/hrconnections?trk=public_jobs_jserp-result_job-search-card-subtitle
115,Service Engineer,RGBSI,https://ca.linkedin.com/jobs/view/service-engineer-at-rgbsi-4431441116?position=6&pageNum=27&refId=ChB0Z6TXFfh9%2FA2KA2vzyQ%3D%3D&trackingId=5LkQmAk1Sw0ifY9YbHCW9Q%3D%3D,"Windsor, Ontario, Canada",https://www.linkedin.com/company/rgbsi?trk=public_jobs_jserp-result_job-search-card-subtitle
116,Senior Software Engineer - Okta Identity Governance,Okta,https://ca.linkedin.com/jobs/view/senior-software-engineer-okta-identity-governance-at-okta-4429885521?position=7&pageNum=27&refId=ChB0Z6TXFfh9%2FA2KA2vzyQ%3D%3D&trackingId=2W5piA7wl5i8jhB87caOWA%3D%3D,"Toronto, Ontario, Canada",https://www.linkedin.com/company/okta-inc-?trk=public_jobs_jserp-result_job-search-card-subtitle
117,Senior Software Architect,Euna Solutions,https://ca.linkedin.com/jobs/view/senior-software-architect-at-euna-solutions-4382107675?position=8&pageNum=27&refId=ChB0Z6TXFfh9%2FA2KA2vzyQ%3D%3D&trackingId=LjCk0PIqHEgW295h6EliwA%3D%3D,"Oakville, Ontario, Canada",https://www.linkedin.com/company/eunasolutions?trk=public_jobs_jserp-result_job-search-card-subtitle
118,Research Technical Assistant - AI and Multimodal Foundation Models,University Health Network,https://ca.linkedin.com/jobs/view/research-technical-assistant-ai-and-multimodal-foundation-models-at-university-health-network-4432463468?position=9&pageNum=27&refId=ChB0Z6TXFfh9%2FA2KA2vzyQ%3D%3D&trackingId=3HDz8SuxbksqmDRdSmeyqQ%3D%3D,"Toronto, Ontario, Canada",https://ca.linkedin.com/company/university-health-network?trk=public_jobs_jserp-result_job-search-card-subtitle
119,Senior Software Engineer (Python + Distributed systems),"Scribd, Inc.",https://ca.linkedin.com/jobs/view/senior-software-engineer-python-%2B-distributed-systems-at-scribd-inc-4391897515?position=10&pageNum=27&refId=ChB0Z6TXFfh9%2FA2KA2vzyQ%3D%3D&trackingId=338zyVLrRqEiw5gIny31yA%3D%3D,"Ottawa, Ontario, Canada",https://www.linkedin.com/company/scribdinc?trk=public_jobs_jserp-result_job-search-card-subtitle
120,"Principal Quality Assurance Engineer, Software Platform Engineering",Questrade Financial Group,https://ca.linkedin.com/jobs/view/principal-quality-assurance-engineer-software-platform-engineering-at-questrade-financial-group-4419629542?position=1&pageNum=30&refId=i71YegBN%2B3eOdC9ODiwDJg%3D%3D&trackingId=%2Bna7ojwTpHX0zFWyJbNkxw%3D%3D,"North York, Ontario, Canada",https://ca.linkedin.com/company/questrade?trk=public_jobs_jserp-result_job-search-card-subtitle
121,Lead Developer,CarltonOne,https://ca.linkedin.com/jobs/view/lead-developer-at-carltonone-4407518199?position=2&pageNum=30&refId=i71YegBN%2B3eOdC9ODiwDJg%3D%3D&trackingId=1Kswf3Z2HEKatRuHB%2BjOUg%3D%3D,"Greater Toronto Area, Canada",https://ca.linkedin.com/company/carltonone?trk=public_jobs_jserp-result_job-search-card-subtitle
122,Staff Software Engineer – Agentic AI Products,Redcan.ai,https://ca.linkedin.com/jobs/view/staff-software-engineer-%E2%80%93-agentic-ai-products-at-redcan-ai-4397611665?position=3&pageNum=30&refId=i71YegBN%2B3eOdC9ODiwDJg%3D%3D&trackingId=HXZVZO13YePVtN6fY40y0A%3D%3D,"Waterloo, Ontario, Canada",https://www.linkedin.com/company/redcan-ai?trk=public_jobs_jserp-result_job-search-card-subtitle
123,"Software Dev Engineer II, 1P Audio Video Measurement",Amazon,https://ca.linkedin.com/jobs/view/software-dev-engineer-ii-1p-audio-video-measurement-at-amazon-4432830508?position=4&pageNum=30&refId=i71YegBN%2B3eOdC9ODiwDJg%3D%3D&trackingId=x6oS7Y%2BLHo1saD06NeECHQ%3D%3D,"Toronto, Ontario, Canada",https://www.linkedin.com/company/amazon?trk=public_jobs_jserp-result_job-search-card-subtitle
124,BMC Remedy Developer,ThoughtStorm,https://ca.linkedin.com/jobs/view/bmc-remedy-developer-at-thoughtstorm-4431893073?position=5&pageNum=30&refId=i71YegBN%2B3eOdC9ODiwDJg%3D%3D&trackingId=5aEQuPnadbm6N37clt7GgQ%3D%3D,"Toronto, Ontario, Canada",https://ca.linkedin.com/company/thoughtstorminc?trk=public_jobs_jserp-result_job-search-card-subtitle
125,QA Lead (SAP S/4 HANA),Ontario Power Generation,https://ca.linkedin.com/jobs/view/qa-lead-sap-s-4-hana-at-ontario-power-generation-4431896449?position=6&pageNum=30&refId=i71YegBN%2B3eOdC9ODiwDJg%3D%3D&trackingId=2GmdGfWkF1qwjrPJHQhZAw%3D%3D,"Oshawa, Ontario, Canada",https://ca.linkedin.com/company/ontario-power-generation?trk=public_jobs_jserp-result_job-search-card-subtitle
126,Senior Site Reliability Engineer (Auth0),Okta,https://ca.linkedin.com/jobs/view/senior-site-reliability-engineer-auth0-at-okta-4432265449?position=7&pageNum=30&refId=i71YegBN%2B3eOdC9ODiwDJg%3D%3D&trackingId=BLRgiX6T5XCvOoWFpq%2BD0Q%3D%3D,"Toronto, Ontario, Canada",https://www.linkedin.com/company/okta-inc-?trk=public_jobs_jserp-result_job-search-card-subtitle
127,Forward Deployed Engineer (+ Equity) at innovative AI systems company,TechTree,https://ca.linkedin.com/jobs/view/forward-deployed-engineer-%2B-equity-at-innovative-ai-systems-company-at-techtree-4419279405?position=8&pageNum=30&refId=i71YegBN%2B3eOdC9ODiwDJg%3D%3D&trackingId=GAjB3ImFA%2B11FuioVJEpcg%3D%3D,"Toronto, Ontario, Canada",https://uk.linkedin.com/company/techtreehq?trk=public_jobs_jserp-result_job-search-card-subtitle
128,Senior Operational Excellence Engineer (Contract),Aquanow,https://ca.linkedin.com/jobs/view/senior-operational-excellence-engineer-contract-at-aquanow-4417891842?position=9&pageNum=30&refId=i71YegBN%2B3eOdC9ODiwDJg%3D%3D&trackingId=PfZB2ItJHXbeR6eLTEhh7Q%3D%3D,"Toronto, Ontario, Canada",https://ca.linkedin.com/company/aquanow?trk=public_jobs_jserp-result_job-search-card-subtitle
129,Senior Software Engineer- Okta Identity Governance,Okta,https://ca.linkedin.com/jobs/view/senior-software-engineer-okta-identity-governance-at-okta-4429485436?position=10&pageNum=30&refId=i71YegBN%2B3eOdC9ODiwDJg%3D%3D&trackingId=0eV2Rf6fLGLLCJL1i9kcKg%3D%3D,"Toronto, Ontario, Canada",https://www.linkedin.com/company/okta-inc-?trk=public_jobs_jserp-result_job-search-card-subtitle
130,"Forward Deployed Engineer, Agentic Platform",Cohere,https://ca.linkedin.com/jobs/view/forward-deployed-engineer-agentic-platform-at-cohere-4423793964?position=1&pageNum=32&refId=zy4X5Vsm81bMPE0u889fZQ%3D%3D&trackingId=qYtylc847WbkGJg71StLJg%3D%3D,"Toronto, Ontario, Canada",https://ca.linkedin.com/company/cohere-ai?trk=public_jobs_jserp-result_job-search-card-subtitle
131,"Senior Analyst, Data Scientist - Compliance Strategy, Data Intelligence & Innovation",Mastercard,https://ca.linkedin.com/jobs/view/senior-analyst-data-scientist-compliance-strategy-data-intelligence-innovation-at-mastercard-4410192728?position=2&pageNum=32&refId=zy4X5Vsm81bMPE0u889fZQ%3D%3D&trackingId=HXQHRjN531onqbvtCL1Ufw%3D%3D,"Toronto, Ontario, Canada",https://www.linkedin.com/company/mastercard?trk=public_jobs_jserp-result_job-search-card-subtitle
132,Senior Vehicle Dynamics Controls,General Motors,https://ca.linkedin.com/jobs/view/senior-vehicle-dynamics-controls-at-general-motors-4398918173?position=3&pageNum=32&refId=zy4X5Vsm81bMPE0u889fZQ%3D%3D&trackingId=MJBM02C85TI8SZPEgWaJqA%3D%3D,"Markham, Ontario, Canada",https://www.linkedin.com/company/general-motors?trk=public_jobs_jserp-result_job-search-card-subtitle
133,Principal Software Engineer - Java,Veeva Systems,https://ca.linkedin.com/jobs/view/principal-software-engineer-java-at-veeva-systems-4377293871?position=4&pageNum=32&refId=zy4X5Vsm81bMPE0u889fZQ%3D%3D&trackingId=8c121b35oQ0Untj2b%2FYknw%3D%3D,"Ottawa, Ontario, Canada",https://www.linkedin.com/company/veeva-systems?trk=public_jobs_jserp-result_job-search-card-subtitle
134,Intern Researcher - Embodied AI,Huawei Canada,https://ca.linkedin.com/jobs/view/intern-researcher-embodied-ai-at-huawei-canada-4432454707?position=5&pageNum=32&refId=zy4X5Vsm81bMPE0u889fZQ%3D%3D&trackingId=269%2Bw%2Bz5q%2FcObzEDMFuo3Q%3D%3D,"Markham, Ontario, Canada",https://ca.linkedin.com/company/huawei-technologies-canada-co-ltd?trk=public_jobs_jserp-result_job-search-card-subtitle
135,Mainframe Production Support,CGI,https://ca.linkedin.com/jobs/view/mainframe-production-support-at-cgi-4412966363?position=6&pageNum=32&refId=zy4X5Vsm81bMPE0u889fZQ%3D%3D&trackingId=RbVlcER7Y1sVkR4xPQyATQ%3D%3D,"Toronto, Ontario, Canada",https://ca.linkedin.com/company/cgi?trk=public_jobs_jserp-result_job-search-card-subtitle
136,Sr. DevOps Engineer,Align Technology,https://ca.linkedin.com/jobs/view/sr-devops-engineer-at-align-technology-4419341043?position=7&pageNum=32&refId=zy4X5Vsm81bMPE0u889fZQ%3D%3D&trackingId=wMfKPKLNO3lx%2BXsMxFi1gQ%3D%3D,"Toronto, Ontario, Canada",https://www.linkedin.com/company/align-technology?trk=public_jobs_jserp-result_job-search-card-subtitle
137,RQ00708 - Senior Quality Assurance (QA) Specialist,S M Software Solutions Inc,https://ca.linkedin.com/jobs/view/rq00708-senior-quality-assurance-qa-specialist-at-s-m-software-solutions-inc-4432133524?position=8&pageNum=32&refId=zy4X5Vsm81bMPE0u889fZQ%3D%3D&trackingId=F6M1C5UxvNFJ44klwlsbGg%3D%3D,"Toronto, Ontario, Canada",https://ca.linkedin.com/company/smsoftwaresolutionsinc?trk=public_jobs_jserp-result_job-search-card-subtitle
138,Golang Developer (OSS/SDN Domain),Insight Global,https://ca.linkedin.com/jobs/view/golang-developer-oss-sdn-domain-at-insight-global-4427201850?position=9&pageNum=32&refId=zy4X5Vsm81bMPE0u889fZQ%3D%3D&trackingId=SLGlZl3Za3NZAy6EQcy%2FYQ%3D%3D,"Ottawa, Ontario, Canada",https://www.linkedin.com/company/insight-global?trk=public_jobs_jserp-result_job-search-card-subtitle
139,Senior Backend Engineer (Python) - Content Understanding,"Scribd, Inc.",https://ca.linkedin.com/jobs/view/senior-backend-engineer-python-content-understanding-at-scribd-inc-4413826161?position=10&pageNum=32&refId=zy4X5Vsm81bMPE0u889fZQ%3D%3D&trackingId=w5XUQztNqOrVUk%2FK9OBigw%3D%3D,"Ottawa, Ontario, Canada",https://www.linkedin.com/company/scribdinc?trk=public_jobs_jserp-result_job-search-card-subtitle
140,Guidewire PC Developer,J&M Group,https://ca.linkedin.com/jobs/view/guidewire-pc-developer-at-j-m-group-4432292421?position=1&pageNum=35&refId=X8auPIKRszO8RqmBTRe0aA%3D%3D&trackingId=Sk8GGgV7PybMeFe1MKiesg%3D%3D,"Toronto, Ontario, Canada",https://ca.linkedin.com/company/jmgroupinc?trk=public_jobs_jserp-result_job-search-card-subtitle
141,Specialist Solutions,Independent Electricity System Operator (IESO),https://ca.linkedin.com/jobs/view/specialist-solutions-at-independent-electricity-system-operator-ieso-4431244687?position=2&pageNum=35&refId=X8auPIKRszO8RqmBTRe0aA%3D%3D&trackingId=5B4L2C8TSi3%2FFW7Vdb%2B4ew%3D%3D,"Mississauga, Ontario, Canada",https://ca.linkedin.com/company/ieso?trk=public_jobs_jserp-result_job-search-card-subtitle
142,Intern - Multidisciplinary Design Optimization (MDO) - Advanced Design (Fall 2026),Bombardier,https://ca.linkedin.com/jobs/view/intern-multidisciplinary-design-optimization-mdo-advanced-design-fall-2026-at-bombardier-4422474511?position=3&pageNum=35&refId=X8auPIKRszO8RqmBTRe0aA%3D%3D&trackingId=Lcqu4La5BGiTh1AoDT0ghQ%3D%3D,"Mississauga, Ontario, Canada",https://www.linkedin.com/company/bombardier?trk=public_jobs_jserp-result_job-search-card-subtitle
143,QA Technician,Hexagon Mining,https://ca.linkedin.com/jobs/view/qa-technician-at-hexagon-mining-4432554571?position=4&pageNum=35&refId=X8auPIKRszO8RqmBTRe0aA%3D%3D&trackingId=DfgpBd3JHMfYOCec%2BSTObA%3D%3D,"Greater Sudbury, Ontario, Canada",https://www.linkedin.com/company/hexagon-mining?trk=public_jobs_jserp-result_job-search-card-subtitle
144,"Senior Software Developer, AI/ML, Conversational Insights",Google,https://ca.linkedin.com/jobs/view/senior-software-developer-ai-ml-conversational-insights-at-google-4423955172?position=5&pageNum=35&refId=X8auPIKRszO8RqmBTRe0aA%3D%3D&trackingId=jJ8c3LufHjxs4dXnQ%2BpK%2Bw%3D%3D,"Waterloo, Ontario, Canada",https://www.linkedin.com/company/google?trk=public_jobs_jserp-result_job-search-card-subtitle
145,Research Associate - Energy Management & AI,UNSW,https://ca.linkedin.com/jobs/view/research-associate-energy-management-ai-at-unsw-4429804888?position=6&pageNum=35&refId=X8auPIKRszO8RqmBTRe0aA%3D%3D&trackingId=18kopihPxwS2VDRm1s7OSw%3D%3D,"Toronto, Ontario, Canada",https://au.linkedin.com/school/unsw/?trk=public_jobs_jserp-result_job-search-card-subtitle
146,Ingénieur.e en ingénierie logicielle,INRAE,https://ca.linkedin.com/jobs/view/ing%C3%A9nieur-e-en-ing%C3%A9nierie-logicielle-at-inrae-4431226006?position=7&pageNum=35&refId=X8auPIKRszO8RqmBTRe0aA%3D%3D&trackingId=N%2FahSNvx2VaGTMO2L74WUg%3D%3D,"Orleans, Ontario, Canada",https://fr.linkedin.com/company/test-science?trk=public_jobs_jserp-result_job-search-card-subtitle
147,"Senior Member of Technical Staff, Web Data",Cohere,https://ca.linkedin.com/jobs/view/senior-member-of-technical-staff-web-data-at-cohere-4418786070?position=8&pageNum=35&refId=X8auPIKRszO8RqmBTRe0aA%3D%3D&trackingId=LA%2FZiUfOTX3P9cSJiulmjQ%3D%3D,"Toronto, Ontario, Canada",https://ca.linkedin.com/company/cohere-ai?trk=public_jobs_jserp-result_job-search-card-subtitle
148,"Senior Advisor, AI Engineering Frameworks & Tooling",Questrade Financial Group,https://ca.linkedin.com/jobs/view/senior-advisor-ai-engineering-frameworks-tooling-at-questrade-financial-group-4413157495?position=9&pageNum=35&refId=X8auPIKRszO8RqmBTRe0aA%3D%3D&trackingId=AQmtDCtQozqRBzvP8tH8ig%3D%3D,"North York, Ontario, Canada",https://ca.linkedin.com/company/questrade?trk=public_jobs_jserp-result_job-search-card-subtitle
149,Senior GenAI Engineer,Robertson & Company Ltd.,https://ca.linkedin.com/jobs/view/senior-genai-engineer-at-robertson-company-ltd-4425828912?position=10&pageNum=35&refId=X8auPIKRszO8RqmBTRe0aA%3D%3D&trackingId=hKRtmpDqB0RvQIo%2Bws0V7Q%3D%3D,"Toronto, Ontario, Canada",https://ca.linkedin.com/company/robertson-&-company-ltd-?trk=public_jobs_jserp-result_job-search-card-subtitle
150,Senior CRM Developer,York University,https://ca.linkedin.com/jobs/view/senior-crm-developer-at-york-university-4423572024?position=1&pageNum=37&refId=sNAF3BCa7czmjqP%2BO7jyVg%3D%3D&trackingId=XlqDBij%2BIuD51Fl9MvMGuQ%3D%3D,"Toronto, Ontario, Canada",https://ca.linkedin.com/school/york-university/?trk=public_jobs_jserp-result_job-search-card-subtitle
151,Salesforce Technical Lead,"Zodiac Solutions, Inc",https://ca.linkedin.com/jobs/view/salesforce-technical-lead-at-zodiac-solutions-inc-4432868768?position=2&pageNum=37&refId=sNAF3BCa7czmjqP%2BO7jyVg%3D%3D&trackingId=j0kmGkk0%2B3FRl%2BxDpm2caQ%3D%3D,"Toronto, Ontario, Canada",https://www.linkedin.com/company/zodiac-solutions-inc?trk=public_jobs_jserp-result_job-search-card-subtitle
152,Senior Manager - Cloud Engineering,EY,https://ca.linkedin.com/jobs/view/senior-manager-cloud-engineering-at-ey-4385080543?position=3&pageNum=37&refId=sNAF3BCa7czmjqP%2BO7jyVg%3D%3D&trackingId=y3wkfAUURBlJZxNb69Hlsg%3D%3D,"London, Ontario, Canada",https://uk.linkedin.com/company/ernstandyoung?trk=public_jobs_jserp-result_job-search-card-subtitle
153,Lead Software Engineer (Informatica Cloud),Sun Life,https://ca.linkedin.com/jobs/view/lead-software-engineer-informatica-cloud-at-sun-life-4423240957?position=4&pageNum=37&refId=sNAF3BCa7czmjqP%2BO7jyVg%3D%3D&trackingId=GTLdRLCJeDwjDKpgvAcscA%3D%3D,"Toronto, Ontario, Canada",https://www.linkedin.com/company/sun-life-financial?trk=public_jobs_jserp-result_job-search-card-subtitle
154,"Senior Data Scientist, Investment Distribution",BMO,https://ca.linkedin.com/jobs/view/senior-data-scientist-investment-distribution-at-bmo-4426346668?position=5&pageNum=37&refId=sNAF3BCa7czmjqP%2BO7jyVg%3D%3D&trackingId=hzaddTE2YglpcDpURCuQ4Q%3D%3D,"Toronto, Ontario, Canada",https://ca.linkedin.com/company/bank-of-montreal?trk=public_jobs_jserp-result_job-search-card-subtitle
155,Principal AI Engineer,Sapphire Partners,https://ca.linkedin.com/jobs/view/principal-ai-engineer-at-sapphire-partners-4432803587?position=6&pageNum=37&refId=sNAF3BCa7czmjqP%2BO7jyVg%3D%3D&trackingId=%2BVV3XYZLht3Ox8YtFxZ3eQ%3D%3D,"Toronto, Ontario, Canada",https://www.linkedin.com/company/sapphire-partners-lp?trk=public_jobs_jserp-result_job-search-card-subtitle
156,"Test Lead, Delivery and Governance",FNZ,https://ca.linkedin.com/jobs/view/test-lead-delivery-and-governance-at-fnz-4422361686?position=7&pageNum=37&refId=sNAF3BCa7czmjqP%2BO7jyVg%3D%3D&trackingId=1RumWw7Cmdfeioj6oyNGeQ%3D%3D,"Toronto, Ontario, Canada",https://uk.linkedin.com/company/fnz?trk=public_jobs_jserp-result_job-search-card-subtitle
157,Sr. Salesforce Developer,Genesys,https://ca.linkedin.com/jobs/view/sr-salesforce-developer-at-genesys-4424803789?position=8&pageNum=37&refId=sNAF3BCa7czmjqP%2BO7jyVg%3D%3D&trackingId=eREDCeewNYS7Nlt31RGjoA%3D%3D,"Toronto, Ontario, Canada",https://www.linkedin.com/company/genesys?trk=public_jobs_jserp-result_job-search-card-subtitle
158,"Professional Senior, Engineering - Avionics Systems",Bombardier,https://ca.linkedin.com/jobs/view/professional-senior-engineering-avionics-systems-at-bombardier-4432411901?position=9&pageNum=37&refId=sNAF3BCa7czmjqP%2BO7jyVg%3D%3D&trackingId=%2BXFIBpfMVgIJmgL3XBxk5g%3D%3D,"Mississauga, Ontario, Canada",https://www.linkedin.com/company/bombardier?trk=public_jobs_jserp-result_job-search-card-subtitle
159,Senior Partner Engineer,Affirm,https://ca.linkedin.com/jobs/view/senior-partner-engineer-at-affirm-4431897067?position=10&pageNum=37&refId=sNAF3BCa7czmjqP%2BO7jyVg%3D%3D&trackingId=Dt3yafQBDUAwdUh5kWhjog%3D%3D,"Oshawa, Ontario, Canada",https://www.linkedin.com/company/affirm?trk=public_jobs_jserp-result_job-search-card-subtitle
160,Senior Partner Engineer,Affirm,https://ca.linkedin.com/jobs/view/senior-partner-engineer-at-affirm-4431893101?position=1&pageNum=40&refId=IPlmnwXxoGFeTcvKeDuv0A%3D%3D&trackingId=rq35RMqmGa3%2B0Tov8euJPQ%3D%3D,"Windsor, Ontario, Canada",https://www.linkedin.com/company/affirm?trk=public_jobs_jserp-result_job-search-card-subtitle
161,AI Forward Deployed Engineer - Enterprise,Hard Rock Digital,https://ca.linkedin.com/jobs/view/ai-forward-deployed-engineer-enterprise-at-hard-rock-digital-4431488150?position=2&pageNum=40&refId=IPlmnwXxoGFeTcvKeDuv0A%3D%3D&trackingId=WsI6f6431m6MU0kupKnENg%3D%3D,"Toronto, Ontario, Canada",https://www.linkedin.com/company/hardrockdigital?trk=public_jobs_jserp-result_job-search-card-subtitle
162,Développeur logiciel principal,Staples Canada,https://ca.linkedin.com/jobs/view/d%C3%A9veloppeur-logiciel-principal-at-staples-canada-4432818829?position=3&pageNum=40&refId=IPlmnwXxoGFeTcvKeDuv0A%3D%3D&trackingId=2B6avwmh0BUzJCZdAh4mqw%3D%3D,"Richmond Hill, Ontario, Canada",https://ca.linkedin.com/company/staples-canada?trk=public_jobs_jserp-result_job-search-card-subtitle
163,Guidewire ClaimCenter Developer,OKAYA INFOCOM,https://ca.linkedin.com/jobs/view/guidewire-claimcenter-developer-at-okaya-infocom-4432847780?position=4&pageNum=40&refId=IPlmnwXxoGFeTcvKeDuv0A%3D%3D&trackingId=KbpIV%2B5ZbMNjl%2Bq3kkNmUA%3D%3D,"Toronto, Ontario, Canada",https://www.linkedin.com/company/okayainc?trk=public_jobs_jserp-result_job-search-card-subtitle
164,Lead Software Engineer (Informatica Cloud),Sun Life,https://ca.linkedin.com/jobs/view/lead-software-engineer-informatica-cloud-at-sun-life-4423259018?position=5&pageNum=40&refId=IPlmnwXxoGFeTcvKeDuv0A%3D%3D&trackingId=wqCHhO8KiG75rRwY3eiTgw%3D%3D,"Waterloo, Ontario, Canada",https://www.linkedin.com/company/sun-life-financial?trk=public_jobs_jserp-result_job-search-card-subtitle
165,"Manager, Platform Technology",goeasy Ltd.,https://ca.linkedin.com/jobs/view/manager-platform-technology-at-goeasy-ltd-4429874128?position=6&pageNum=40&refId=IPlmnwXxoGFeTcvKeDuv0A%3D%3D&trackingId=zr4%2F1myOU9FzSnVS7fFihg%3D%3D,"Pickering, Ontario, Canada",https://ca.linkedin.com/company/goeasyltd?trk=public_jobs_jserp-result_job-search-card-subtitle
166,"Manager, Platform Technology",goeasy Ltd.,https://ca.linkedin.com/jobs/view/manager-platform-technology-at-goeasy-ltd-4429881100?position=7&pageNum=40&refId=IPlmnwXxoGFeTcvKeDuv0A%3D%3D&trackingId=9gcUULpcyhn1vv39upxM5A%3D%3D,"Mississauga, Ontario, Canada",https://ca.linkedin.com/company/goeasyltd?trk=public_jobs_jserp-result_job-search-card-subtitle
167,Senior System Integration Engineer (Data Platform),Cognizant,https://ca.linkedin.com/jobs/view/senior-system-integration-engineer-data-platform-at-cognizant-4431207093?position=8&pageNum=40&refId=IPlmnwXxoGFeTcvKeDuv0A%3D%3D&trackingId=y9%2Bql0zUW73YFlbpzuCgNA%3D%3D,"Toronto, Ontario, Canada",https://www.linkedin.com/company/cognizant?trk=public_jobs_jserp-result_job-search-card-subtitle
168,"Lead Engineer, Total Fund Management Technology",CPP Investments | Investissements RPC,https://ca.linkedin.com/jobs/view/lead-engineer-total-fund-management-technology-at-cpp-investments-investissements-rpc-4419219081?position=9&pageNum=40&refId=IPlmnwXxoGFeTcvKeDuv0A%3D%3D&trackingId=oFLShrmCrEN59smcFEKAsg%3D%3D,"Toronto, Ontario, Canada",https://ca.linkedin.com/company/cppinvestmentsinvestissementsrpc?trk=public_jobs_jserp-result_job-search-card-subtitle
169,Optical Components Test Engineer - Ottawa or Quebec City,Ciena,https://ca.linkedin.com/jobs/view/optical-components-test-engineer-ottawa-or-quebec-city-at-ciena-4414700936?position=10&pageNum=40&refId=IPlmnwXxoGFeTcvKeDuv0A%3D%3D&trackingId=HJwD4FMERClqKoxeTIygVg%3D%3D,"Ottawa, Ontario, Canada",https://www.linkedin.com/company/ciena?trk=public_jobs_jserp-result_job-search-card-subtitle
170,BIOS/Firmware Development Engineer – Memory Subsystems (DDR/LPDDR),AMD,https://ca.linkedin.com/jobs/view/bios-firmware-development-engineer-%E2%80%93-memory-subsystems-ddr-lpddr-at-amd-4419667059?position=1&pageNum=42&refId=FWdVE6O5sgG1FG2nFyouAA%3D%3D&trackingId=w2SObrQvV0FdF8xFKgcVcQ%3D%3D,"Markham, Ontario, Canada",https://www.linkedin.com/company/amd?trk=public_jobs_jserp-result_job-search-card-subtitle
171,Senior Murex MxTest Engineer,EPAM Systems,https://ca.linkedin.com/jobs/view/senior-murex-mxtest-engineer-at-epam-systems-4412754552?position=2&pageNum=42&refId=FWdVE6O5sgG1FG2nFyouAA%3D%3D&trackingId=cHrSN%2FzpKpiFwhQModeIHA%3D%3D,"Toronto, Ontario, Canada",https://www.linkedin.com/company/epam-systems?trk=public_jobs_jserp-result_job-search-card-subtitle
172,SAP S4 Functional Engineer,Sun Life,https://ca.linkedin.com/jobs/view/sap-s4-functional-engineer-at-sun-life-4419083964?position=3&pageNum=42&refId=FWdVE6O5sgG1FG2nFyouAA%3D%3D&trackingId=Zf1OFN%2BxSTW36I5YTJdnVg%3D%3D,"North York, Ontario, Canada",https://www.linkedin.com/company/sun-life-financial?trk=public_jobs_jserp-result_job-search-card-subtitle
173,SAP S4 Functional Engineer,Sun Life,https://ca.linkedin.com/jobs/view/sap-s4-functional-engineer-at-sun-life-4419098293?position=4&pageNum=42&refId=FWdVE6O5sgG1FG2nFyouAA%3D%3D&trackingId=ItgzCryFUOj4BEypcp6ioA%3D%3D,"Kitchener, Ontario, Canada",https://www.linkedin.com/company/sun-life-financial?trk=public_jobs_jserp-result_job-search-card-subtitle
174,Senior Electrical Engineer,Tetra Tech,https://ca.linkedin.com/jobs/view/senior-electrical-engineer-at-tetra-tech-4432872149?position=5&pageNum=42&refId=FWdVE6O5sgG1FG2nFyouAA%3D%3D&trackingId=1FxHGc7JrctCbc3%2Bg0g7Hw%3D%3D,"Mississauga, Ontario, Canada",https://www.linkedin.com/company/tetra-tech?trk=public_jobs_jserp-result_job-search-card-subtitle
175,"Spécialiste, ingénierie logicielle",Canada Mortgage and Housing Corporation (CMHC) Société canadienne d'hypothèques et de logement(SCHL),https://ca.linkedin.com/jobs/view/sp%C3%A9cialiste-ing%C3%A9nierie-logicielle-at-canada-mortgage-and-housing-corporation-cmhc-soci%C3%A9t%C3%A9-canadienne-d-hypoth%C3%A8ques-et-de-logement-schl-4418792913?position=6&pageNum=42&refId=FWdVE6O5sgG1FG2nFyouAA%3D%3D&trackingId=v0qe84Mt2hjesbny9QcbRg%3D%3D,"Ottawa, Ontario, Canada",https://ca.linkedin.com/company/canada-mortgage-and-housing-corporation?trk=public_jobs_jserp-result_job-search-card-subtitle
176,"Senior Staff Software Engineer, Backend (Data and Storage Services)",Affirm,https://ca.linkedin.com/jobs/view/senior-staff-software-engineer-backend-data-and-storage-services-at-affirm-4413121627?position=7&pageNum=42&refId=FWdVE6O5sgG1FG2nFyouAA%3D%3D&trackingId=1TXhqDPeX3YPpre6ok7twQ%3D%3D,"Hamilton, Ontario, Canada",https://www.linkedin.com/company/affirm?trk=public_jobs_jserp-result_job-search-card-subtitle
177,"Senior Staff Software Engineer, Backend (Data and Storage Services)",Affirm,https://ca.linkedin.com/jobs/view/senior-staff-software-engineer-backend-data-and-storage-services-at-affirm-4413129093?position=8&pageNum=42&refId=FWdVE6O5sgG1FG2nFyouAA%3D%3D&trackingId=unY30CC0S8HlgvPnAd5%2FXQ%3D%3D,"London, Ontario, Canada",https://www.linkedin.com/company/affirm?trk=public_jobs_jserp-result_job-search-card-subtitle
178,"Senior Staff Software Engineer, Backend (Data and Storage Services)",Affirm,https://ca.linkedin.com/jobs/view/senior-staff-software-engineer-backend-data-and-storage-services-at-affirm-4413126407?position=9&pageNum=42&refId=FWdVE6O5sgG1FG2nFyouAA%3D%3D&trackingId=kL3iA%2BNi6M9jC9k3t46F7w%3D%3D,"Kitchener, Ontario, Canada",https://www.linkedin.com/company/affirm?trk=public_jobs_jserp-result_job-search-card-subtitle
179,"Senior Staff Software Engineer, Backend (Data and Storage Services)",Affirm,https://ca.linkedin.com/jobs/view/senior-staff-software-engineer-backend-data-and-storage-services-at-affirm-4413119678?position=10&pageNum=42&refId=FWdVE6O5sgG1FG2nFyouAA%3D%3D&trackingId=MBWE8tsr%2BGDN6HOAhC2UBw%3D%3D,"Ottawa, Ontario, Canada",https://www.linkedin.com/company/affirm?trk=public_jobs_jserp-result_job-search-card-subtitle
180,Principal or Senior Staff Analog Design Engineer,Synopsys Inc,https://ca.linkedin.com/jobs/view/principal-or-senior-staff-analog-design-engineer-at-synopsys-inc-4392089879?position=1&pageNum=45&refId=fYMB%2FIknVt0fuk0wNiYx5w%3D%3D&trackingId=MxpTEaiv%2FgO%2BtcDDfhFtdw%3D%3D,"Kanata, Ontario, Canada",https://www.linkedin.com/company/synopsys?trk=public_jobs_jserp-result_job-search-card-subtitle
181,Senior Product Manager - Hardware Infrastructure,PMs for Hire,https://ca.linkedin.com/jobs/view/senior-product-manager-hardware-infrastructure-at-pms-for-hire-4432501619?position=2&pageNum=45&refId=fYMB%2FIknVt0fuk0wNiYx5w%3D%3D&trackingId=yRNX8FMQV8q9Oq3A7%2FZ58w%3D%3D,"Toronto, Ontario, Canada",https://www.linkedin.com/company/pms-for-hire?trk=public_jobs_jserp-result_job-search-card-subtitle
182,Senior Principal Mine Waste Engineer,WSP in Canada,https://ca.linkedin.com/jobs/view/senior-principal-mine-waste-engineer-at-wsp-in-canada-4431431001?position=3&pageNum=45&refId=fYMB%2FIknVt0fuk0wNiYx5w%3D%3D&trackingId=8r%2F%2Bi9HhdI7AC%2Bd%2B5DVDrw%3D%3D,"Mississauga, Ontario, Canada",https://ca.linkedin.com/company/wsp-in-canada?trk=public_jobs_jserp-result_job-search-card-subtitle
183,Senior Process Engineer,Worley,https://ca.linkedin.com/jobs/view/senior-process-engineer-at-worley-4422442328?position=4&pageNum=45&refId=fYMB%2FIknVt0fuk0wNiYx5w%3D%3D&trackingId=T9%2FHf96Wu0DRxDXEtI0y%2Fw%3D%3D,"Sarnia, Ontario, Canada",https://au.linkedin.com/company/worley?trk=public_jobs_jserp-result_job-search-card-subtitle
184,Senior Process Engineer,Worley,https://ca.linkedin.com/jobs/view/senior-process-engineer-at-worley-4422438312?position=5&pageNum=45&refId=fYMB%2FIknVt0fuk0wNiYx5w%3D%3D&trackingId=PB1ca%2B6b%2FtKHve61sI3mbQ%3D%3D,"Markham, Ontario, Canada",https://au.linkedin.com/company/worley?trk=public_jobs_jserp-result_job-search-card-subtitle
185,Construction Manager / Ops Manager,Kiewit,https://ca.linkedin.com/jobs/view/construction-manager-ops-manager-at-kiewit-4213306053?position=6&pageNum=45&refId=fYMB%2FIknVt0fuk0wNiYx5w%3D%3D&trackingId=BVCdSI8P9FxtEaCVTZHBKw%3D%3D,"Oakville, Ontario, Canada",https://www.linkedin.com/company/kiewit?trk=public_jobs_jserp-result_job-search-card-subtitle
186,"Senior Manager, Product Management - Capital One Travel",Capital One,https://ca.linkedin.com/jobs/view/senior-manager-product-management-capital-one-travel-at-capital-one-4431893337?position=7&pageNum=45&refId=fYMB%2FIknVt0fuk0wNiYx5w%3D%3D&trackingId=EgIlbD%2BsYBv5OIhU0KWRbg%3D%3D,"Toronto, Ontario, Canada",https://www.linkedin.com/company/capital-one?trk=public_jobs_jserp-result_job-search-card-subtitle
187,Web Developer – Co-op/Intern,Nokia,https://ca.linkedin.com/jobs/view/web-developer-%E2%80%93-co-op-intern-at-nokia-4412965444?position=8&pageNum=45&refId=fYMB%2FIknVt0fuk0wNiYx5w%3D%3D&trackingId=ojWfSBeo36oM1F6goSKSvw%3D%3D,"Kanata, Ontario, Canada",https://fi.linkedin.com/company/nokia?trk=public_jobs_jserp-result_job-search-card-subtitle
188,Member of Technical Staff - Software Engineering - WR OpenStack,Aptiv,https://ca.linkedin.com/jobs/view/member-of-technical-staff-software-engineering-wr-openstack-at-aptiv-4432807084?position=9&pageNum=45&refId=fYMB%2FIknVt0fuk0wNiYx5w%3D%3D&trackingId=UFe%2BwjLgGiTfq6WHtpFrZA%3D%3D,"Ottawa, Ontario, Canada",https://ch.linkedin.com/company/aptiv?trk=public_jobs_jserp-result_job-search-card-subtitle
189,AI Design Engineer - AVP,Citi,https://ca.linkedin.com/jobs/view/ai-design-engineer-avp-at-citi-4431271683?position=10&pageNum=45&refId=fYMB%2FIknVt0fuk0wNiYx5w%3D%3D&trackingId=Yo26fY7uLludPt%2Fvj4DLCw%3D%3D,"Mississauga, Ontario, Canada",https://www.linkedin.com/company/citi?trk=public_jobs_jserp-result_job-search-card-subtitle
190,Software Engineer,"Reddit, Inc.",https://ca.linkedin.com/jobs/view/software-engineer-at-reddit-inc-4423407460?position=1&pageNum=0&refId=Ql83oDtY%2Btf%2FfoV%2BzkOA8Q%3D%3D&trackingId=UxosPPugBQ4stZy%2B%2FeEOHA%3D%3D,"Ontario, Canada",https://www.linkedin.com/company/reddit-com?trk=public_jobs_jserp-result_job-search-card-subtitle
191,Software Developer - New Graduate,D2L,https://ca.linkedin.com/jobs/view/software-developer-new-graduate-at-d2l-4343030654?position=2&pageNum=0&refId=Ql83oDtY%2Btf%2FfoV%2BzkOA8Q%3D%3D&trackingId=%2BOrT9ChMI0jwjb2tPHkgrQ%3D%3D,"Kitchener, Ontario, Canada",https://ca.linkedin.com/company/d2l?trk=public_jobs_jserp-result_job-search-card-subtitle
192,Software Engineer,Scotiabank,https://ca.linkedin.com/jobs/view/software-engineer-at-scotiabank-4431442027?position=3&pageNum=0&refId=Ql83oDtY%2Btf%2FfoV%2BzkOA8Q%3D%3D&trackingId=BJKXS%2BD7NF0XkgoNYX%2BW5g%3D%3D,"Toronto, Ontario, Canada",https://ca.linkedin.com/company/scotiabank?trk=public_jobs_jserp-result_job-search-card-subtitle
193,Backend Software Engineer,eBay,https://ca.linkedin.com/jobs/view/backend-software-engineer-at-ebay-4429498138?position=4&pageNum=0&refId=Ql83oDtY%2Btf%2FfoV%2BzkOA8Q%3D%3D&trackingId=haJv8W%2FMM9KzbtXFXanKPg%3D%3D,"Toronto, Ontario, Canada",https://www.linkedin.com/company/ebay?trk=public_jobs_jserp-result_job-search-card-subtitle
194,"Software Developer, Developer Platform",Verily Health,https://ca.linkedin.com/jobs/view/software-developer-developer-platform-at-verily-health-4424005018?position=5&pageNum=0&refId=Ql83oDtY%2Btf%2FfoV%2BzkOA8Q%3D%3D&trackingId=7UpHslBc1Oc9a9SiT87mDQ%3D%3D,"Waterloo, Ontario, Canada",https://www.linkedin.com/company/verilyhealth?trk=public_jobs_jserp-result_job-search-card-subtitle
195,Backend Software Engineer,eBay,https://ca.linkedin.com/jobs/view/backend-software-engineer-at-ebay-4429802041?position=6&pageNum=0&refId=Ql83oDtY%2Btf%2FfoV%2BzkOA8Q%3D%3D&trackingId=vd57yOaoIHM9aE2j16Wmow%3D%3D,"Toronto, Ontario, Canada",https://www.linkedin.com/company/ebay?trk=public_jobs_jserp-result_job-search-card-subtitle
196,Software Engineer 2,eBay,https://ca.linkedin.com/jobs/view/software-engineer-2-at-ebay-4433021610?position=7&pageNum=0&refId=Ql83oDtY%2Btf%2FfoV%2BzkOA8Q%3D%3D&trackingId=52vZJTmhyyHhzC1Eh6qCiw%3D%3D,"Toronto, Ontario, Canada",https://www.linkedin.com/company/ebay?trk=public_jobs_jserp-result_job-search-card-subtitle
197,Back End Developer,Yoush Consulting,https://ca.linkedin.com/jobs/view/back-end-developer-at-yoush-consulting-4432869903?position=8&pageNum=0&refId=Ql83oDtY%2Btf%2FfoV%2BzkOA8Q%3D%3D&trackingId=rbDFTOVlpOHCgbY1D5oYjg%3D%3D,"Toronto, Ontario, Canada",https://ca.linkedin.com/company/yoush-consulting?trk=public_jobs_jserp-result_job-search-card-subtitle
198,UI Developer,Citi,https://ca.linkedin.com/jobs/view/ui-developer-at-citi-4372039207?position=9&pageNum=0&refId=Ql83oDtY%2Btf%2FfoV%2BzkOA8Q%3D%3D&trackingId=mWSnm47sO7VSrrB0rEdSxg%3D%3D,"Mississauga, Ontario, Canada",https://www.linkedin.com/company/citi?trk=public_jobs_jserp-result_job-search-card-subtitle
199,Software Developer - Developer,Russell Tobin,https://ca.linkedin.com/jobs/view/software-developer-developer-at-russell-tobin-4432428915?position=10&pageNum=0&refId=Ql83oDtY%2Btf%2FfoV%2BzkOA8Q%3D%3D&trackingId=WVTC%2BK4NNVPApRiayqb9PQ%3D%3D,"Toronto, Ontario, Canada",https://www.linkedin.com/company/russell-tobin-&-associates-llc?trk=public_jobs_jserp-result_job-search-card-subtitle
200,Software Engineer - Front End,Veeva Systems,https://ca.linkedin.com/jobs/view/software-engineer-front-end-at-veeva-systems-4401871251?position=1&pageNum=2&refId=wZEZKzXaVMu9cFOfIZPqyA%3D%3D&trackingId=Sd2NJJN1EWPR%2BdRx7FMRfQ%3D%3D,"Ottawa, Ontario, Canada",https://www.linkedin.com/company/veeva-systems?trk=public_jobs_jserp-result_job-search-card-subtitle
201,"Software Developer - Back End II Toronto, ON",Russell Tobin,https://ca.linkedin.com/jobs/view/software-developer-back-end-ii-toronto-on-at-russell-tobin-4432591854?position=2&pageNum=2&refId=wZEZKzXaVMu9cFOfIZPqyA%3D%3D&trackingId=XFBYw2OxugutTgeKB7gn4Q%3D%3D,"Toronto, Ontario, Canada",https://www.linkedin.com/company/russell-tobin-&-associates-llc?trk=public_jobs_jserp-result_job-search-card-subtitle
202,Software Engineer,Gateway Services Inc.,https://ca.linkedin.com/jobs/view/software-engineer-at-gateway-services-inc-4384517015?position=3&pageNum=2&refId=wZEZKzXaVMu9cFOfIZPqyA%3D%3D&trackingId=64SdcEsswIVuxk73HnGljg%3D%3D,"Guelph, Ontario, Canada",https://ca.linkedin.com/company/gateway-services-inc?trk=public_jobs_jserp-result_job-search-card-subtitle
203,"Software Developer, Mobile",Clio,https://ca.linkedin.com/jobs/view/software-developer-mobile-at-clio-4413845494?position=4&pageNum=2&refId=wZEZKzXaVMu9cFOfIZPqyA%3D%3D&trackingId=miBE7i3PcZrUz%2Fx99G%2FGiw%3D%3D,"Toronto, Ontario, Canada",https://ca.linkedin.com/company/clio---cloud-based-legal-technology?trk=public_jobs_jserp-result_job-search-card-subtitle
204,C++ Software Engineer,Citadel Securities,https://ca.linkedin.com/jobs/view/c%2B%2B-software-engineer-at-citadel-securities-4281727045?position=5&pageNum=2&refId=wZEZKzXaVMu9cFOfIZPqyA%3D%3D&trackingId=Rp5d1WXFTQLkvvah8gxU5g%3D%3D,"Greater Toronto Area, Canada",https://www.linkedin.com/company/citadel-securities?trk=public_jobs_jserp-result_job-search-card-subtitle
205,UI developer,eHub Global Inc,https://ca.linkedin.com/jobs/view/ui-developer-at-ehub-global-inc-4432897063?position=6&pageNum=2&refId=wZEZKzXaVMu9cFOfIZPqyA%3D%3D&trackingId=X%2B636Z6oRSgxEcthmscq1Q%3D%3D,"Toronto, Ontario, Canada",https://www.linkedin.com/company/ehub-global?trk=public_jobs_jserp-result_job-search-card-subtitle
206,"Senior Software Engineer - Ad Infra, Lyft Ads",Lyft,https://ca.linkedin.com/jobs/view/senior-software-engineer-ad-infra-lyft-ads-at-lyft-4432492016?position=7&pageNum=2&refId=wZEZKzXaVMu9cFOfIZPqyA%3D%3D&trackingId=deNugM2B3Plbd1GikwaEkA%3D%3D,"Toronto, Ontario, Canada",https://www.linkedin.com/company/lyft?trk=public_jobs_jserp-result_job-search-card-subtitle
207,Senior Software Developer (Full-stack JavaScript),Scotiabank,https://ca.linkedin.com/jobs/view/senior-software-developer-full-stack-javascript-at-scotiabank-4404248314?position=8&pageNum=2&refId=wZEZKzXaVMu9cFOfIZPqyA%3D%3D&trackingId=bENC3xe913bpLpfRLfPIog%3D%3D,"Toronto, Ontario, Canada",https://ca.linkedin.com/company/scotiabank?trk=public_jobs_jserp-result_job-search-card-subtitle
208,Software Developer--Cisco Innovation Labs,Cisco,https://ca.linkedin.com/jobs/view/software-developer-cisco-innovation-labs-at-cisco-4432515722?position=9&pageNum=2&refId=wZEZKzXaVMu9cFOfIZPqyA%3D%3D&trackingId=HyFzrOFgr3kIW86PHVkmFg%3D%3D,"Toronto, Ontario, Canada",https://www.linkedin.com/company/cisco?trk=public_jobs_jserp-result_job-search-card-subtitle
209,"Software Engineer, Detection (TOR)",Doppel,https://ca.linkedin.com/jobs/view/software-engineer-detection-tor-at-doppel-4410328240?position=10&pageNum=2&refId=wZEZKzXaVMu9cFOfIZPqyA%3D%3D&trackingId=0A39mXF94QNDHrwHCaqfSA%3D%3D,"Toronto, Ontario, Canada",https://www.linkedin.com/company/doppelhq?trk=public_jobs_jserp-result_job-search-card-subtitle
210,Software Engineer — AI Code Ranking,Alignerr,https://ca.linkedin.com/jobs/view/software-engineer-%E2%80%94-ai-code-ranking-at-alignerr-4433015064?position=1&pageNum=5&refId=lVRXlKRrYY73Q%2FakAQNTWQ%3D%3D&trackingId=90Jr15X98Tb5hkSi3OWeig%3D%3D,"Toronto, Ontario, Canada",https://www.linkedin.com/company/alignerr?trk=public_jobs_jserp-result_job-search-card-subtitle
211,Engineering Intern,Aptiv,https://ca.linkedin.com/jobs/view/engineering-intern-at-aptiv-4432597211?position=2&pageNum=5&refId=lVRXlKRrYY73Q%2FakAQNTWQ%3D%3D&trackingId=qThVKrkNqCQWs5SsPPo7vQ%3D%3D,"Ottawa, Ontario, Canada",https://ch.linkedin.com/company/aptiv?trk=public_jobs_jserp-result_job-search-card-subtitle
212,"Full Stack Software Developer (SQL, Oracle Apex)",CIBC,https://ca.linkedin.com/jobs/view/full-stack-software-developer-sql-oracle-apex-at-cibc-4432887255?position=3&pageNum=5&refId=lVRXlKRrYY73Q%2FakAQNTWQ%3D%3D&trackingId=80H8Olmv5Hrt6aY8axRiNw%3D%3D,"Toronto, Ontario, Canada",https://ca.linkedin.com/company/cibc?trk=public_jobs_jserp-result_job-search-card-subtitle
213,"Software Engineer I, Private Equity Innovation",Bain & Company,https://ca.linkedin.com/jobs/view/software-engineer-i-private-equity-innovation-at-bain-company-4432404014?position=4&pageNum=5&refId=lVRXlKRrYY73Q%2FakAQNTWQ%3D%3D&trackingId=ojFs48MLjshE9pVte3yTjQ%3D%3D,"Toronto, Ontario, Canada",https://www.linkedin.com/company/bain-and-company?trk=public_jobs_jserp-result_job-search-card-subtitle
214,ServiceNow Developer,Scotiabank,https://ca.linkedin.com/jobs/view/servicenow-developer-at-scotiabank-4423415449?position=5&pageNum=5&refId=lVRXlKRrYY73Q%2FakAQNTWQ%3D%3D&trackingId=6cnLS7zX28eLYigGQ9jeeQ%3D%3D,"Toronto, Ontario, Canada",https://ca.linkedin.com/company/scotiabank?trk=public_jobs_jserp-result_job-search-card-subtitle
215,"Software Engineer, Global Payments Technology",Scotiabank,https://ca.linkedin.com/jobs/view/software-engineer-global-payments-technology-at-scotiabank-4432850915?position=6&pageNum=5&refId=lVRXlKRrYY73Q%2FakAQNTWQ%3D%3D&trackingId=TTU7h8GRdI8up2DZe1gBdQ%3D%3D,"Toronto, Ontario, Canada",https://ca.linkedin.com/company/scotiabank?trk=public_jobs_jserp-result_job-search-card-subtitle
216,Intermediate Software Developer,Akkodis,https://ca.linkedin.com/jobs/view/intermediate-software-developer-at-akkodis-4431277097?position=7&pageNum=5&refId=lVRXlKRrYY73Q%2FakAQNTWQ%3D%3D&trackingId=G5SheYGWRMclgGQAiFgqmg%3D%3D,"Ottawa, Ontario, Canada",https://www.linkedin.com/company/akkodis?trk=public_jobs_jserp-result_job-search-card-subtitle
217,Intermediate Software Developer,Airbus,https://ca.linkedin.com/jobs/view/intermediate-software-developer-at-airbus-4433063151?position=8&pageNum=5&refId=lVRXlKRrYY73Q%2FakAQNTWQ%3D%3D&trackingId=S7lw6ZlFUayCWKVupx6Ggg%3D%3D,"Waterloo, Ontario, Canada",https://fr.linkedin.com/company/airbusgroup?trk=public_jobs_jserp-result_job-search-card-subtitle
218,"Senior Software Engineer, Full-stack (Distribution Center)",Afresh,https://ca.linkedin.com/jobs/view/senior-software-engineer-full-stack-distribution-center-at-afresh-4432466196?position=9&pageNum=5&refId=lVRXlKRrYY73Q%2FakAQNTWQ%3D%3D&trackingId=IJ42IRf0iizsfMk10itbeQ%3D%3D,"Ontario, Canada",https://www.linkedin.com/company/afreshtechnologies?trk=public_jobs_jserp-result_job-search-card-subtitle
219,Senior Software Developer (Cloud Applications),Avanciers Inc.,https://ca.linkedin.com/jobs/view/senior-software-developer-cloud-applications-at-avanciers-inc-4432449724?position=10&pageNum=5&refId=lVRXlKRrYY73Q%2FakAQNTWQ%3D%3D&trackingId=M7DtAD%2FknVYPSqE0VRMgPw%3D%3D,"Toronto, Ontario, Canada",https://ca.linkedin.com/company/avanciers-inc?trk=public_jobs_jserp-result_job-search-card-subtitle
220,Senior Software Engineer,NetBrain Technologies Inc.,https://ca.linkedin.com/jobs/view/senior-software-engineer-at-netbrain-technologies-inc-4412943159?position=1&pageNum=7&refId=pABd4INAV8chwCu22Nvckg%3D%3D&trackingId=AObxeE%2FDN4%2B5%2F2e1OO8kHA%3D%3D,"Toronto, Ontario, Canada",https://www.linkedin.com/company/netbraintech?trk=public_jobs_jserp-result_job-search-card-subtitle
221,Software Engineer III,TD,https://ca.linkedin.com/jobs/view/software-engineer-iii-at-td-4422150081?position=2&pageNum=7&refId=pABd4INAV8chwCu22Nvckg%3D%3D&trackingId=H0DIN6E4kPA9SwC9k3bGiQ%3D%3D,"Toronto, Ontario, Canada",https://ca.linkedin.com/company/td?trk=public_jobs_jserp-result_job-search-card-subtitle
222,Software Engineer III - Python,Emburse,https://ca.linkedin.com/jobs/view/software-engineer-iii-python-at-emburse-4377642349?position=3&pageNum=7&refId=pABd4INAV8chwCu22Nvckg%3D%3D&trackingId=qf3VN6xpPM0kp%2BOF%2FbhsOw%3D%3D,"Toronto, Ontario, Canada",https://www.linkedin.com/company/emburse?trk=public_jobs_jserp-result_job-search-card-subtitle
223,GROUP 12 - INTERMEDIATE PROGRAMMER (EXTERNAL),Durham District School Board,https://ca.linkedin.com/jobs/view/group-12-intermediate-programmer-external-at-durham-district-school-board-4431400905?position=4&pageNum=7&refId=pABd4INAV8chwCu22Nvckg%3D%3D&trackingId=GWq53qAcMLVANAmdMUBSoA%3D%3D,"Whitby, Ontario, Canada",https://ca.linkedin.com/company/durham-district-school-board?trk=public_jobs_jserp-result_job-search-card-subtitle
224,QA Engineer,Everflow - Partner Marketing Platform,https://ca.linkedin.com/jobs/view/qa-engineer-at-everflow-partner-marketing-platform-4432559482?position=5&pageNum=7&refId=pABd4INAV8chwCu22Nvckg%3D%3D&trackingId=U9KFUqOsmDVtljizKSbXCQ%3D%3D,"Toronto, Ontario, Canada",https://www.linkedin.com/company/everflowio?trk=public_jobs_jserp-result_job-search-card-subtitle
225,SBT Content Software Engineer II,Guidewire Software,https://ca.linkedin.com/jobs/view/sbt-content-software-engineer-ii-at-guidewire-software-4432287852?position=6&pageNum=7&refId=pABd4INAV8chwCu22Nvckg%3D%3D&trackingId=TJ7BAOhGjvnsovsYNdSvew%3D%3D,"Toronto, Ontario, Canada",https://www.linkedin.com/company/guidewire-software?trk=public_jobs_jserp-result_job-search-card-subtitle
226,User Interface Engineer,MSR Technology Group,https://ca.linkedin.com/jobs/view/user-interface-engineer-at-msr-technology-group-4431268966?position=8&pageNum=7&refId=pABd4INAV8chwCu22Nvckg%3D%3D&trackingId=xkD49tzSYS1aEbxHQ5rjZA%3D%3D,"Toronto, Ontario, Canada",https://www.linkedin.com/company/msr-technology-group?trk=public_jobs_jserp-result_job-search-card-subtitle
227,SBT Content Software Engineer II,Guidewire Software,https://ca.linkedin.com/jobs/view/sbt-content-software-engineer-ii-at-guidewire-software-4432402024?position=9&pageNum=7&refId=pABd4INAV8chwCu22Nvckg%3D%3D&trackingId=EtDv2ZT5WoXOdJsSeuduGw%3D%3D,"Mississauga, Ontario, Canada",https://www.linkedin.com/company/guidewire-software?trk=public_jobs_jserp-result_job-search-card-subtitle
228,"Staff Design Engineer, Canada",Ashby,https://ca.linkedin.com/jobs/view/staff-design-engineer-canada-at-ashby-4403602811?position=10&pageNum=7&refId=pABd4INAV8chwCu22Nvckg%3D%3D&trackingId=NwU%2BWC4IR859%2B9mYMXxxuw%3D%3D,"Toronto, Ontario, Canada",https://www.linkedin.com/company/ashbyhq?trk=public_jobs_jserp-result_job-search-card-subtitle
229,Intermediate Software Developer,Communitech,https://ca.linkedin.com/jobs/view/intermediate-software-developer-at-communitech-4432808304?position=1&pageNum=10&refId=INj65lv4L2%2BLrwqa6BDIvw%3D%3D&trackingId=nowwMjzvPMy2kG%2B2ij0YOg%3D%3D,"Kitchener, Ontario, Canada",https://ca.linkedin.com/company/communitech?trk=public_jobs_jserp-result_job-search-card-subtitle
230,Applied Scientist AI/ML,Opendoor,https://ca.linkedin.com/jobs/view/applied-scientist-ai-ml-at-opendoor-4413715006?position=2&pageNum=10&refId=INj65lv4L2%2BLrwqa6BDIvw%3D%3D&trackingId=vpJNvsJkhgf9z0jU%2FJD6cQ%3D%3D,"Toronto, Ontario, Canada",https://www.linkedin.com/company/opendoor-com?trk=public_jobs_jserp-result_job-search-card-subtitle
231,Mobile Tester (SDET),Pacer Group,https://ca.linkedin.com/jobs/view/mobile-tester-sdet-at-pacer-group-4432875566?position=3&pageNum=10&refId=INj65lv4L2%2BLrwqa6BDIvw%3D%3D&trackingId=tsw%2Bz4U71pO8RDXpXyxQjg%3D%3D,"Toronto, Ontario, Canada",https://www.linkedin.com/company/pacergroup?trk=public_jobs_jserp-result_job-search-card-subtitle
232,Intermediate Software Developer,Thomas Cavanagh Construction Limited,https://ca.linkedin.com/jobs/view/intermediate-software-developer-at-thomas-cavanagh-construction-limited-4431835279?position=4&pageNum=10&refId=INj65lv4L2%2BLrwqa6BDIvw%3D%3D&trackingId=8pN9RsduQ53dr86KDdQYuQ%3D%3D,"Kanata, Ontario, Canada",https://ca.linkedin.com/company/thomas-cavanagh-construction-limited?trk=public_jobs_jserp-result_job-search-card-subtitle
233,Senior Software Developer (Java Modern Backend Development),Descartes Systems Group,https://ca.linkedin.com/jobs/view/senior-software-developer-java-modern-backend-development-at-descartes-systems-group-4423228816?position=5&pageNum=10&refId=INj65lv4L2%2BLrwqa6BDIvw%3D%3D&trackingId=Z5ucBgTSZhLXaAUYY4ZmIQ%3D%3D,"Waterloo, Ontario, Canada",https://ca.linkedin.com/company/descartes-systems-group?trk=public_jobs_jserp-result_job-search-card-subtitle
234,C# Test Automation Developer,Systematix,https://ca.linkedin.com/jobs/view/c%23-test-automation-developer-at-systematix-4431444096?position=6&pageNum=10&refId=INj65lv4L2%2BLrwqa6BDIvw%3D%3D&trackingId=t68IWtaOz3IMu1WVVZSi3A%3D%3D,"Vaughan, Ontario, Canada",https://ca.linkedin.com/company/systematix?trk=public_jobs_jserp-result_job-search-card-subtitle
235,Senior Software Engineer (Fullstack),Mediafly,https://ca.linkedin.com/jobs/view/senior-software-engineer-fullstack-at-mediafly-4431883630?position=7&pageNum=10&refId=INj65lv4L2%2BLrwqa6BDIvw%3D%3D&trackingId=4zbSkGmba6oyPSPnUaoDaQ%3D%3D,"Ontario, Canada",https://www.linkedin.com/company/mediafly?trk=public_jobs_jserp-result_job-search-card-subtitle
236,Salesforce Developer,Pacer Group,https://ca.linkedin.com/jobs/view/salesforce-developer-at-pacer-group-4429478305?position=8&pageNum=10&refId=INj65lv4L2%2BLrwqa6BDIvw%3D%3D&trackingId=GCzR0qFPtokwbkpgJIApQw%3D%3D,"Toronto, Ontario, Canada",https://www.linkedin.com/company/pacergroup?trk=public_jobs_jserp-result_job-search-card-subtitle
237,"URGENT - Senior Software Engineer (Python, Golang, DevOps)",VTRAC Consulting Corporation (WBE),https://ca.linkedin.com/jobs/view/urgent-senior-software-engineer-python-golang-devops-at-vtrac-consulting-corporation-wbe-4431267881?position=9&pageNum=10&refId=INj65lv4L2%2BLrwqa6BDIvw%3D%3D&trackingId=OXFGdh7zcOxHke7Ved6Zgg%3D%3D,"Greater Toronto Area, Canada",https://ca.linkedin.com/company/vtracconsulting?trk=public_jobs_jserp-result_job-search-card-subtitle
238,Test Development Engineer,TransUnion,https://ca.linkedin.com/jobs/view/test-development-engineer-at-transunion-4423295913?position=10&pageNum=10&refId=INj65lv4L2%2BLrwqa6BDIvw%3D%3D&trackingId=GMd2qzUwOnu%2BVw04Vm%2FNVw%3D%3D,"Burlington, Ontario, Canada",https://www.linkedin.com/company/transunion?trk=public_jobs_jserp-result_job-search-card-subtitle
239,Product Engineering (Guidewire PolicyCenter Integration),Allstate Canada,https://ca.linkedin.com/jobs/view/product-engineering-guidewire-policycenter-integration-at-allstate-canada-4427730204?position=1&pageNum=12&refId=RoWFzOgaIvMxCkiU2udivw%3D%3D&trackingId=9GRlxUbCYoP1taUtLPgGaA%3D%3D,"Toronto, Ontario, Canada",https://ca.linkedin.com/company/allstatecanada?trk=public_jobs_jserp-result_job-search-card-subtitle
240,Principal Engineer,Fulfillment IQ,https://ca.linkedin.com/jobs/view/principal-engineer-at-fulfillment-iq-4431297410?position=2&pageNum=12&refId=RoWFzOgaIvMxCkiU2udivw%3D%3D&trackingId=EC51ZB2KFym4ejbn%2BQ6Tsw%3D%3D,"Toronto, Ontario, Canada",https://www.linkedin.com/company/fulfillmentiq?trk=public_jobs_jserp-result_job-search-card-subtitle
241,Senior Software Engineer,ZPI,https://ca.linkedin.com/jobs/view/senior-software-engineer-at-zpi-4419655571?position=3&pageNum=12&refId=RoWFzOgaIvMxCkiU2udivw%3D%3D&trackingId=U%2FEUAKMH59gUi2YXj9T3Og%3D%3D,"Oakville, Ontario, Canada",https://ca.linkedin.com/company/zpi-inc?trk=public_jobs_jserp-result_job-search-card-subtitle
242,Senior Software Engineer - Java,Veeva Systems,https://ca.linkedin.com/jobs/view/senior-software-engineer-java-at-veeva-systems-4377609335?position=4&pageNum=12&refId=RoWFzOgaIvMxCkiU2udivw%3D%3D&trackingId=TrU1xK3Ejm%2BsEy3kTfI7dQ%3D%3D,"Toronto, Ontario, Canada",https://www.linkedin.com/company/veeva-systems?trk=public_jobs_jserp-result_job-search-card-subtitle
243,Data Scientist II,TD,https://ca.linkedin.com/jobs/view/data-scientist-ii-at-td-4432506675?position=5&pageNum=12&refId=RoWFzOgaIvMxCkiU2udivw%3D%3D&trackingId=59RvbfAk2GSaIGUnYQ1UWw%3D%3D,"Toronto, Ontario, Canada",https://ca.linkedin.com/company/td?trk=public_jobs_jserp-result_job-search-card-subtitle
244,Senior Full Stack Developer,CAA Club Group,https://ca.linkedin.com/jobs/view/senior-full-stack-developer-at-caa-club-group-4429804635?position=6&pageNum=12&refId=RoWFzOgaIvMxCkiU2udivw%3D%3D&trackingId=b3O9yj389KmXoL%2Boq1LxDg%3D%3D,"Vaughan, Ontario, Canada",https://ca.linkedin.com/company/caa-club-group-of-companies?trk=public_jobs_jserp-result_job-search-card-subtitle
245,Software Engineer II,commonsku,https://ca.linkedin.com/jobs/view/software-engineer-ii-at-commonsku-4433011840?position=7&pageNum=12&refId=RoWFzOgaIvMxCkiU2udivw%3D%3D&trackingId=K9kTzoeC3zShd8TpgF%2BTtw%3D%3D,"Toronto, Ontario, Canada",https://ca.linkedin.com/company/commonsku?trk=public_jobs_jserp-result_job-search-card-subtitle
246,Software Engineer Technical Lead,Soroc Technology,https://ca.linkedin.com/jobs/view/software-engineer-technical-lead-at-soroc-technology-4432862182?position=8&pageNum=12&refId=RoWFzOgaIvMxCkiU2udivw%3D%3D&trackingId=w9w4K8yidWDpYYKK6j8MIA%3D%3D,"Ontario, Canada",https://ca.linkedin.com/company/soroc-technology?trk=public_jobs_jserp-result_job-search-card-subtitle
247,AI Enablement Specialist- Experienced Graduate,Bell,https://ca.linkedin.com/jobs/view/ai-enablement-specialist-experienced-graduate-at-bell-4432818621?position=9&pageNum=12&refId=RoWFzOgaIvMxCkiU2udivw%3D%3D&trackingId=L3nG5uSyLfAFvo6P5PUUhw%3D%3D,"Mississauga, Ontario, Canada",https://ca.linkedin.com/company/bell?trk=public_jobs_jserp-result_job-search-card-subtitle
248,Intern Research Engineer - AI Agent Systems,Huawei Canada,https://ca.linkedin.com/jobs/view/intern-research-engineer-ai-agent-systems-at-huawei-canada-4432459632?position=10&pageNum=12&refId=RoWFzOgaIvMxCkiU2udivw%3D%3D&trackingId=mUlAReXvmcktKY3i7PZDjQ%3D%3D,"Markham, Ontario, Canada",https://ca.linkedin.com/company/huawei-technologies-canada-co-ltd?trk=public_jobs_jserp-result_job-search-card-subtitle
249,"Software Engineer II, Backend (Infrastructure Platform)",Affirm,https://ca.linkedin.com/jobs/view/software-engineer-ii-backend-infrastructure-platform-at-affirm-4431291695?position=1&pageNum=15&refId=pSbeFL3rVde%2BSwAE2qP%2Fpg%3D%3D&trackingId=FA49K2BqIRECzXVcct212Q%3D%3D,"Ottawa, Ontario, Canada",https://www.linkedin.com/company/affirm?trk=public_jobs_jserp-result_job-search-card-subtitle
250,Lead .Net Software Developer,Citi,https://ca.linkedin.com/jobs/view/lead-net-software-developer-at-citi-4431271677?position=2&pageNum=15&refId=pSbeFL3rVde%2BSwAE2qP%2Fpg%3D%3D&trackingId=LuSUI%2FacEqFh9ji%2B4jWkvg%3D%3D,"Mississauga, Ontario, Canada",https://www.linkedin.com/company/citi?trk=public_jobs_jserp-result_job-search-card-subtitle
251,"Staff Backend Developer, U-Ads","Unity South APAC (SEA, ANZ, IND Subcont.)",https://ca.linkedin.com/jobs/view/staff-backend-developer-u-ads-at-unity-south-apac-sea-anz-ind-subcont-4432524243?position=3&pageNum=15&refId=pSbeFL3rVde%2BSwAE2qP%2Fpg%3D%3D&trackingId=Pxhr5rVWwgetTO0qhUxgpw%3D%3D,"Ontario, Canada",https://sg.linkedin.com/company/unitysapac?trk=public_jobs_jserp-result_job-search-card-subtitle
252,Intermediate to Senior Software Engineer,DataStealth.io,https://ca.linkedin.com/jobs/view/intermediate-to-senior-software-engineer-at-datastealth-io-4397638148?position=4&pageNum=15&refId=pSbeFL3rVde%2BSwAE2qP%2Fpg%3D%3D&trackingId=TOM1Cbzm1XPPJyPgcOwHsw%3D%3D,"Mississauga, Ontario, Canada",https://ca.linkedin.com/company/datastealth?trk=public_jobs_jserp-result_job-search-card-subtitle
253,Data Platform Operations Engineer,Scotiabank,https://ca.linkedin.com/jobs/view/data-platform-operations-engineer-at-scotiabank-4413812957?position=5&pageNum=15&refId=pSbeFL3rVde%2BSwAE2qP%2Fpg%3D%3D&trackingId=qz7krZBPCyCQUIVRqSmPvQ%3D%3D,"Toronto, Ontario, Canada",https://ca.linkedin.com/company/scotiabank?trk=public_jobs_jserp-result_job-search-card-subtitle
254,Technical Lead,Aquanow,https://ca.linkedin.com/jobs/view/technical-lead-at-aquanow-4408925841?position=6&pageNum=15&refId=pSbeFL3rVde%2BSwAE2qP%2Fpg%3D%3D&trackingId=CVwKf0HUKvdRmOy1FTbQGw%3D%3D,"Toronto, Ontario, Canada",https://ca.linkedin.com/company/aquanow?trk=public_jobs_jserp-result_job-search-card-subtitle
255,"Software Engineer II, Backend (Infrastructure Platform)",Affirm,https://ca.linkedin.com/jobs/view/software-engineer-ii-backend-infrastructure-platform-at-affirm-4431401555?position=7&pageNum=15&refId=pSbeFL3rVde%2BSwAE2qP%2Fpg%3D%3D&trackingId=%2Bj0I8mFfLRNicxidcGNbqw%3D%3D,"Toronto, Ontario, Canada",https://www.linkedin.com/company/affirm?trk=public_jobs_jserp-result_job-search-card-subtitle
256,Intermediate Software Developer (Vortex),March Networks,https://ca.linkedin.com/jobs/view/intermediate-software-developer-vortex-at-march-networks-4432287811?position=8&pageNum=15&refId=pSbeFL3rVde%2BSwAE2qP%2Fpg%3D%3D&trackingId=A85YhQU9rZz4D0yMOddb9w%3D%3D,"Ottawa, Ontario, Canada",https://ca.linkedin.com/company/march-networks?trk=public_jobs_jserp-result_job-search-card-subtitle
257,Quality Assurance Engineer,KUBRA,https://ca.linkedin.com/jobs/view/quality-assurance-engineer-at-kubra-4422323108?position=9&pageNum=15&refId=pSbeFL3rVde%2BSwAE2qP%2Fpg%3D%3D&trackingId=9ECqbIYD3x8FcKkCJltCuQ%3D%3D,"Mississauga, Ontario, Canada",https://www.linkedin.com/company/kubra-data-transfer?trk=public_jobs_jserp-result_job-search-card-subtitle
258,Senior COTS Application Specialist,LeverageTek Staffing Solutions,https://ca.linkedin.com/jobs/view/senior-cots-application-specialist-at-leveragetek-staffing-solutions-4432248800?position=10&pageNum=15&refId=pSbeFL3rVde%2BSwAE2qP%2Fpg%3D%3D&trackingId=Y8Vzqu4QrLttiFeFuIb9wQ%3D%3D,"Ottawa, Ontario, Canada",https://ca.linkedin.com/company/leveragetek-staffing-solutions?trk=public_jobs_jserp-result_job-search-card-subtitle
259,"Senior Software Engineer, Product Platform",Block,https://ca.linkedin.com/jobs/view/senior-software-engineer-product-platform-at-block-4419634284?position=1&pageNum=17&refId=9s%2B9TMv7lOpVaOEVaNdSFA%3D%3D&trackingId=XLLSJ%2Bc0%2BYxFkDPhkyUieg%3D%3D,"Toronto, Ontario, Canada",https://www.linkedin.com/company/joinblock?trk=public_jobs_jserp-result_job-search-card-subtitle
260,"Software Engineer II, Backend (Infrastructure Platform)",Affirm,https://ca.linkedin.com/jobs/view/software-engineer-ii-backend-infrastructure-platform-at-affirm-4431289681?position=2&pageNum=17&refId=9s%2B9TMv7lOpVaOEVaNdSFA%3D%3D&trackingId=qjtEZ3ByReT5TOJf7YAQGw%3D%3D,"Hamilton, Ontario, Canada",https://www.linkedin.com/company/affirm?trk=public_jobs_jserp-result_job-search-card-subtitle
261,GenAI Developer,"Aptino, Inc.",https://ca.linkedin.com/jobs/view/genai-developer-at-aptino-inc-4429895170?position=3&pageNum=17&refId=9s%2B9TMv7lOpVaOEVaNdSFA%3D%3D&trackingId=J7SfShMzalDfrWyyBdV7vg%3D%3D,"Toronto, Ontario, Canada",https://www.linkedin.com/company/aptino?trk=public_jobs_jserp-result_job-search-card-subtitle
262,"AI Enablement Intern - Waterloo, ON",Mach7 Technologies,https://ca.linkedin.com/jobs/view/ai-enablement-intern-waterloo-on-at-mach7-technologies-4417658595?position=4&pageNum=17&refId=9s%2B9TMv7lOpVaOEVaNdSFA%3D%3D&trackingId=hZlnZhFhomoEHvlToGHI9g%3D%3D,"Waterloo, Ontario, Canada",https://www.linkedin.com/company/mach-7-technologies?trk=public_jobs_jserp-result_job-search-card-subtitle
263,Forward Deployed Engineer,Banyan Software,https://ca.linkedin.com/jobs/view/forward-deployed-engineer-at-banyan-software-4413556014?position=5&pageNum=17&refId=9s%2B9TMv7lOpVaOEVaNdSFA%3D%3D&trackingId=O%2FkvIYUS2y%2F%2B%2F%2BlAuSoq9A%3D%3D,"Toronto, Ontario, Canada",https://www.linkedin.com/company/banyan-software-llc?trk=public_jobs_jserp-result_job-search-card-subtitle
264,Remedy Developer,Amyantek,https://ca.linkedin.com/jobs/view/remedy-developer-at-amyantek-4433038185?position=6&pageNum=17&refId=9s%2B9TMv7lOpVaOEVaNdSFA%3D%3D&trackingId=UhMPYHGh0KKE3YVcfsGd1A%3D%3D,"Greater Toronto Area, Canada",https://ca.linkedin.com/company/amyantek?trk=public_jobs_jserp-result_job-search-card-subtitle
265,"Senior Software Engineer, Cash App Banking",Cash App,https://ca.linkedin.com/jobs/view/senior-software-engineer-cash-app-banking-at-cash-app-4419202532?position=7&pageNum=17&refId=9s%2B9TMv7lOpVaOEVaNdSFA%3D%3D&trackingId=AiGBOLeSy189%2Fl7dk6uR9w%3D%3D,"Toronto, Ontario, Canada",https://www.linkedin.com/company/cash-app?trk=public_jobs_jserp-result_job-search-card-subtitle
266,Developer III,Giesecke+Devrient,https://ca.linkedin.com/jobs/view/developer-iii-at-giesecke%2Bdevrient-4431451978?position=8&pageNum=17&refId=9s%2B9TMv7lOpVaOEVaNdSFA%3D%3D&trackingId=AOiMIALgi%2FenAynax8RzHw%3D%3D,"Markham, Ontario, Canada",https://de.linkedin.com/company/giesecke-devrient?trk=public_jobs_jserp-result_job-search-card-subtitle
267,Testing email sending (copy),Lever Middleware Test Company,https://ca.linkedin.com/jobs/view/testing-email-sending-copy-at-lever-middleware-test-company-4432863529?position=9&pageNum=17&refId=9s%2B9TMv7lOpVaOEVaNdSFA%3D%3D&trackingId=NCNSgSNChTMTfv6pP8BHkw%3D%3D,"Toronto, Ontario, Canada",https://www.linkedin.com/company/lever-middleware-test-company?trk=public_jobs_jserp-result_job-search-card-subtitle
268,Product Verification Engineer Intern (12 months),Ciena,https://ca.linkedin.com/jobs/view/product-verification-engineer-intern-12-months-at-ciena-4416720457?position=10&pageNum=17&refId=9s%2B9TMv7lOpVaOEVaNdSFA%3D%3D&trackingId=Hdi412c2Cz5oLxW37afejA%3D%3D,"Ottawa, Ontario, Canada",https://www.linkedin.com/company/ciena?trk=public_jobs_jserp-result_job-search-card-subtitle
269,Data Scientist (Masters),Alignerr,https://ca.linkedin.com/jobs/view/data-scientist-masters-at-alignerr-4432497082?position=1&pageNum=20&refId=a6ptnxoY5es9N8Ea1Dhnng%3D%3D&trackingId=imcg7gasJ8vZp7RtIWr64g%3D%3D,"Toronto, Ontario, Canada",https://www.linkedin.com/company/alignerr?trk=public_jobs_jserp-result_job-search-card-subtitle
270,Senior Software Engineer - Java,Veeva Systems,https://ca.linkedin.com/jobs/view/senior-software-engineer-java-at-veeva-systems-4377288910?position=2&pageNum=20&refId=a6ptnxoY5es9N8Ea1Dhnng%3D%3D&trackingId=mHqvhV6ztpwR9Wqm%2FZpKVg%3D%3D,"Ottawa, Ontario, Canada",https://www.linkedin.com/company/veeva-systems?trk=public_jobs_jserp-result_job-search-card-subtitle
271,"Software Engineer II, Backend (Infrastructure Platform)",Affirm,https://ca.linkedin.com/jobs/view/software-engineer-ii-backend-infrastructure-platform-at-affirm-4431298559?position=3&pageNum=20&refId=a6ptnxoY5es9N8Ea1Dhnng%3D%3D&trackingId=L7zTA%2Bt8qHrMznRTqlp9GQ%3D%3D,"London, Ontario, Canada",https://www.linkedin.com/company/affirm?trk=public_jobs_jserp-result_job-search-card-subtitle
272,"Software Developer - Back End | 8+ yrs Cloud, Azure (App Services, Functions, AKS), Docker/Kubernetes, DevOps CI/CD, RESTful APIs, Java/Python/SQL/Node.js","CCI- Computer Consultants International, Inc.",https://ca.linkedin.com/jobs/view/software-developer-back-end-8%2B-yrs-cloud-azure-app-services-functions-aks-docker-kubernetes-devops-ci-cd-restful-apis-java-python-sql-node-js-at-cci-computer-consultants-international-inc-4432082563?position=4&pageNum=20&refId=a6ptnxoY5es9N8Ea1Dhnng%3D%3D&trackingId=bd1jMh%2B1Oy6ZXxUrU5yHfQ%3D%3D,"Toronto, Ontario, Canada",https://www.linkedin.com/company/cci--computer-consultants-international-inc.?trk=public_jobs_jserp-result_job-search-card-subtitle
273,Senior Bigdata Engineer,Global ERP Solutions,https://ca.linkedin.com/jobs/view/senior-bigdata-engineer-at-global-erp-solutions-4431892471?position=5&pageNum=20&refId=a6ptnxoY5es9N8Ea1Dhnng%3D%3D&trackingId=vy%2B1JtTazxv5%2BrWGgZZ79w%3D%3D,"Mississauga, Ontario, Canada",https://ca.linkedin.com/company/global-erp-solutions?trk=public_jobs_jserp-result_job-search-card-subtitle
274,Senior Engineer,Vantage,https://ca.linkedin.com/jobs/view/senior-engineer-at-vantage-4432485304?position=6&pageNum=20&refId=a6ptnxoY5es9N8Ea1Dhnng%3D%3D&trackingId=8S4%2Fhh0yJTfaDRucd%2BJpBg%3D%3D,"Toronto, Ontario, Canada",https://ca.linkedin.com/company/vantage-retail-media?trk=public_jobs_jserp-result_job-search-card-subtitle
275,Full Stack Development Lead Analyst - Vice President,Citi,https://ca.linkedin.com/jobs/view/full-stack-development-lead-analyst-vice-president-at-citi-4423216434?position=7&pageNum=20&refId=a6ptnxoY5es9N8Ea1Dhnng%3D%3D&trackingId=kGpT6wEifz7IaJ3GBEJTMw%3D%3D,"Mississauga, Ontario, Canada",https://www.linkedin.com/company/citi?trk=public_jobs_jserp-result_job-search-card-subtitle
276,Quality Assurance Test Lead,Realize Medical,https://ca.linkedin.com/jobs/view/quality-assurance-test-lead-at-realize-medical-4431746360?position=8&pageNum=20&refId=a6ptnxoY5es9N8Ea1Dhnng%3D%3D&trackingId=tSDcm1vg2vqMU4cgEkuj7g%3D%3D,"Ottawa, Ontario, Canada",https://ca.linkedin.com/company/realize-medical?trk=public_jobs_jserp-result_job-search-card-subtitle
277,AI Automation Test Engineer,Cognizant,https://ca.linkedin.com/jobs/view/ai-automation-test-engineer-at-cognizant-4424070569?position=9&pageNum=20&refId=a6ptnxoY5es9N8Ea1Dhnng%3D%3D&trackingId=7SeiqEsXN52Eg7%2BdhXYfBQ%3D%3D,"Toronto, Ontario, Canada",https://www.linkedin.com/company/cognizant?trk=public_jobs_jserp-result_job-search-card-subtitle
278,Application Manager,Scotiabank,https://ca.linkedin.com/jobs/view/application-manager-at-scotiabank-4431448030?position=10&pageNum=20&refId=a6ptnxoY5es9N8Ea1Dhnng%3D%3D&trackingId=okpiXIZ7BihyS6l560A5Gg%3D%3D,"Toronto, Ontario, Canada",https://ca.linkedin.com/company/scotiabank?trk=public_jobs_jserp-result_job-search-card-subtitle
279,Senior Activation Engineer,Omnicom Media,https://ca.linkedin.com/jobs/view/senior-activation-engineer-at-omnicom-media-4432461143?position=1&pageNum=22&refId=V%2FK%2F%2FuBG3u9%2Fx392vUSXPw%3D%3D&trackingId=pQuxrNecotCF87KMCSat%2Bw%3D%3D,"Toronto, Ontario, Canada",https://www.linkedin.com/company/omnicommedia?trk=public_jobs_jserp-result_job-search-card-subtitle
280,Senior Software Developer,Stantec,https://ca.linkedin.com/jobs/view/senior-software-developer-at-stantec-4431887508?position=2&pageNum=22&refId=V%2FK%2F%2FuBG3u9%2Fx392vUSXPw%3D%3D&trackingId=7iOY8t0XImet0XBaeIZ7Ag%3D%3D,"Mississauga, Ontario, Canada",https://ca.linkedin.com/company/stantec?trk=public_jobs_jserp-result_job-search-card-subtitle
281,Zendesk Specialist - AI Integration,Mercor,https://ca.linkedin.com/jobs/view/zendesk-specialist-ai-integration-at-mercor-4431471478?position=3&pageNum=22&refId=V%2FK%2F%2FuBG3u9%2Fx392vUSXPw%3D%3D&trackingId=tbN07IZL52lDBLW4hgFLTQ%3D%3D,"Toronto, Ontario, Canada",https://www.linkedin.com/company/mercor-ai?trk=public_jobs_jserp-result_job-search-card-subtitle
282,Senior Software Engineer ⭐,Achievers,https://ca.linkedin.com/jobs/view/senior-software-engineer-%E2%AD%90-at-achievers-4408019596?position=4&pageNum=22&refId=V%2FK%2F%2FuBG3u9%2Fx392vUSXPw%3D%3D&trackingId=77FEaNa6WV7l2KXUOQviqw%3D%3D,"Toronto, Ontario, Canada",https://ca.linkedin.com/company/achievers?trk=public_jobs_jserp-result_job-search-card-subtitle
283,"Senior Developer, Digital Experience",The Salvation Army in Canada,https://ca.linkedin.com/jobs/view/senior-developer-digital-experience-at-the-salvation-army-in-canada-4432295397?position=5&pageNum=22&refId=V%2FK%2F%2FuBG3u9%2Fx392vUSXPw%3D%3D&trackingId=fU%2BH1B6U1RmEZvvrkUpN2w%3D%3D,"Ontario, Canada",https://ca.linkedin.com/company/salvationarmycanada?trk=public_jobs_jserp-result_job-search-card-subtitle
284,"Senior Software Engineer, C++",SS&C Technologies,https://ca.linkedin.com/jobs/view/senior-software-engineer-c%2B%2B-at-ss-c-technologies-4422408724?position=6&pageNum=22&refId=V%2FK%2F%2FuBG3u9%2Fx392vUSXPw%3D%3D&trackingId=tJiMS6TNa35Ejwhk6W49Xg%3D%3D,"Toronto, Ontario, Canada",https://www.linkedin.com/company/ss-c-technologies?trk=public_jobs_jserp-result_job-search-card-subtitle
285,Senior Developer,ESC Corporate Services,https://ca.linkedin.com/jobs/view/senior-developer-at-esc-corporate-services-4431293802?position=7&pageNum=22&refId=V%2FK%2F%2FuBG3u9%2Fx392vUSXPw%3D%3D&trackingId=A19GHF5%2FT8MFqnnVLg2O5w%3D%3D,"Toronto, Ontario, Canada",https://ca.linkedin.com/company/esc-corporate-services?trk=public_jobs_jserp-result_job-search-card-subtitle
286,Guidewire Developer- Onsite Toronto,HRConnects,https://ca.linkedin.com/jobs/view/guidewire-developer-onsite-toronto-at-hrconnects-4432819137?position=8&pageNum=22&refId=V%2FK%2F%2FuBG3u9%2Fx392vUSXPw%3D%3D&trackingId=awxKFz067aZI92z1vtwFAw%3D%3D,"Toronto, Ontario, Canada",https://ca.linkedin.com/company/hrconnections?trk=public_jobs_jserp-result_job-search-card-subtitle
287,Senior Software Engineer - Content Platforms Engineering,Tubi,https://ca.linkedin.com/jobs/view/senior-software-engineer-content-platforms-engineering-at-tubi-4422138872?position=9&pageNum=22&refId=V%2FK%2F%2FuBG3u9%2Fx392vUSXPw%3D%3D&trackingId=rL%2FgQVhx%2B3rw3LeUpuYmWw%3D%3D,"Toronto, Ontario, Canada",https://www.linkedin.com/company/tubi-tv?trk=public_jobs_jserp-result_job-search-card-subtitle
288,"Member of Technical Staff, Multilingual",Cohere,https://ca.linkedin.com/jobs/view/member-of-technical-staff-multilingual-at-cohere-4423904715?position=10&pageNum=22&refId=V%2FK%2F%2FuBG3u9%2Fx392vUSXPw%3D%3D&trackingId=uYcpNhmzJkdHve8BLQo5sw%3D%3D,"Toronto, Ontario, Canada",https://ca.linkedin.com/company/cohere-ai?trk=public_jobs_jserp-result_job-search-card-subtitle
289,Senior Data Scientist,Scotiabank,https://ca.linkedin.com/jobs/view/senior-data-scientist-at-scotiabank-4423250966?position=1&pageNum=25&refId=B8duKY1XcxbZwATUniNZHg%3D%3D&trackingId=aiJEjL9szLmRwf275bXgAw%3D%3D,"Toronto, Ontario, Canada",https://ca.linkedin.com/company/scotiabank?trk=public_jobs_jserp-result_job-search-card-subtitle
290,"Software Engineer II, Back-end (Card Mgmt & Transaction Processing)",Affirm,https://ca.linkedin.com/jobs/view/software-engineer-ii-back-end-card-mgmt-transaction-processing-at-affirm-4432196395?position=2&pageNum=25&refId=B8duKY1XcxbZwATUniNZHg%3D%3D&trackingId=L%2FlkDR0gVZT2LB%2FgZIWEtg%3D%3D,"Oshawa, Ontario, Canada",https://www.linkedin.com/company/affirm?trk=public_jobs_jserp-result_job-search-card-subtitle
291,"Senior Analyst, Data Scientist - Compliance Strategy, Data Intelligence & Innovation",Mastercard,https://ca.linkedin.com/jobs/view/senior-analyst-data-scientist-compliance-strategy-data-intelligence-innovation-at-mastercard-4410192728?position=3&pageNum=25&refId=B8duKY1XcxbZwATUniNZHg%3D%3D&trackingId=E%2BZPpdOI4fFWTIPH%2FnWadw%3D%3D,"Toronto, Ontario, Canada",https://www.linkedin.com/company/mastercard?trk=public_jobs_jserp-result_job-search-card-subtitle
292,DevOps Engineer,Veeva Systems,https://ca.linkedin.com/jobs/view/devops-engineer-at-veeva-systems-4377602550?position=4&pageNum=25&refId=B8duKY1XcxbZwATUniNZHg%3D%3D&trackingId=5DW8QT%2BIczvCJxCxzPWcAQ%3D%3D,"Ottawa, Ontario, Canada",https://www.linkedin.com/company/veeva-systems?trk=public_jobs_jserp-result_job-search-card-subtitle
293,"Senior Software Developer, AI/ML, Conversational Insights",Google,https://ca.linkedin.com/jobs/view/senior-software-developer-ai-ml-conversational-insights-at-google-4423950206?position=5&pageNum=25&refId=B8duKY1XcxbZwATUniNZHg%3D%3D&trackingId=JBLoMazGZfWljvWpr8UMkA%3D%3D,"Toronto, Ontario, Canada",https://www.linkedin.com/company/google?trk=public_jobs_jserp-result_job-search-card-subtitle
294,RQ00708 - Senior Quality Assurance (QA) Specialist,S M Software Solutions Inc,https://ca.linkedin.com/jobs/view/rq00708-senior-quality-assurance-qa-specialist-at-s-m-software-solutions-inc-4432133524?position=6&pageNum=25&refId=B8duKY1XcxbZwATUniNZHg%3D%3D&trackingId=gP96SyTOxbYsF1kARETrqw%3D%3D,"Toronto, Ontario, Canada",https://ca.linkedin.com/company/smsoftwaresolutionsinc?trk=public_jobs_jserp-result_job-search-card-subtitle
295,Cloud Application Specialist - Senior,Flexstaf I.T. Inc.,https://ca.linkedin.com/jobs/view/cloud-application-specialist-senior-at-flexstaf-i-t-inc-4431835788?position=7&pageNum=25&refId=B8duKY1XcxbZwATUniNZHg%3D%3D&trackingId=yOOQrE3isi15%2BBI1SIUg4g%3D%3D,"Greater Toronto Area, Canada",https://ca.linkedin.com/company/flexstaf-i-t?trk=public_jobs_jserp-result_job-search-card-subtitle
296,"Senior Software Engineer, Backend (Infrastructure)",Affirm,https://ca.linkedin.com/jobs/view/senior-software-engineer-backend-infrastructure-at-affirm-4423293690?position=8&pageNum=25&refId=B8duKY1XcxbZwATUniNZHg%3D%3D&trackingId=ht5z1MMN9vsa7BBY%2B2EGcw%3D%3D,"Windsor, Ontario, Canada",https://www.linkedin.com/company/affirm?trk=public_jobs_jserp-result_job-search-card-subtitle
297,Performance testing,VARITE INC,https://ca.linkedin.com/jobs/view/performance-testing-at-varite-inc-4421956866?position=9&pageNum=25&refId=B8duKY1XcxbZwATUniNZHg%3D%3D&trackingId=BGe5FtT%2FLxrZtToseB%2Fg1g%3D%3D,"Toronto, Ontario, Canada",https://www.linkedin.com/company/varite?trk=public_jobs_jserp-result_job-search-card-subtitle
298,Senior Development Engineer,Thales,https://ca.linkedin.com/jobs/view/senior-development-engineer-at-thales-4389963056?position=10&pageNum=25&refId=B8duKY1XcxbZwATUniNZHg%3D%3D&trackingId=TUcLzp0tsFSOcZbM1Aoaog%3D%3D,"Ottawa, Ontario, Canada",https://fr.linkedin.com/company/thales?trk=public_jobs_jserp-result_job-search-card-subtitle
299,Senior Operational Excellence Engineer (Contract),Aquanow,https://ca.linkedin.com/jobs/view/senior-operational-excellence-engineer-contract-at-aquanow-4417891842?position=1&pageNum=27&refId=GfoGVnOcd891ZYGeEQn26Q%3D%3D&trackingId=YaH1Vx%2F1SvUaSncsJVqzMg%3D%3D,"Toronto, Ontario, Canada",https://ca.linkedin.com/company/aquanow?trk=public_jobs_jserp-result_job-search-card-subtitle
300,Senior Software Developer,Stantec,https://ca.linkedin.com/jobs/view/senior-software-developer-at-stantec-4431879990?position=2&pageNum=27&refId=GfoGVnOcd891ZYGeEQn26Q%3D%3D&trackingId=s9x59vDgsRwQJ5cHG23IFA%3D%3D,"Markham, Ontario, Canada",https://ca.linkedin.com/company/stantec?trk=public_jobs_jserp-result_job-search-card-subtitle
301,Senior Software Developer,Stantec,https://ca.linkedin.com/jobs/view/senior-software-developer-at-stantec-4431882666?position=3&pageNum=27&refId=GfoGVnOcd891ZYGeEQn26Q%3D%3D&trackingId=QIVNs1HtzL7KyWvU4oveqA%3D%3D,"Hamilton, Ontario, Canada",https://ca.linkedin.com/company/stantec?trk=public_jobs_jserp-result_job-search-card-subtitle
302,Forward Deployed Engineer (+ Equity) at innovative AI systems company,TechTree,https://ca.linkedin.com/jobs/view/forward-deployed-engineer-%2B-equity-at-innovative-ai-systems-company-at-techtree-4419279405?position=4&pageNum=27&refId=GfoGVnOcd891ZYGeEQn26Q%3D%3D&trackingId=JRODxIufneQQ7uJrUn%2BA%2Fg%3D%3D,"Toronto, Ontario, Canada",https://uk.linkedin.com/company/techtreehq?trk=public_jobs_jserp-result_job-search-card-subtitle
303,"Lead Platform Engineer, TD Securities",TD,https://ca.linkedin.com/jobs/view/lead-platform-engineer-td-securities-at-td-4422144123?position=5&pageNum=27&refId=GfoGVnOcd891ZYGeEQn26Q%3D%3D&trackingId=BA%2FgX2mRUGVZ34d7MDLXEw%3D%3D,"Toronto, Ontario, Canada",https://ca.linkedin.com/company/td?trk=public_jobs_jserp-result_job-search-card-subtitle
304,"Forward Deployed Engineer, Agentic Platform",Cohere,https://ca.linkedin.com/jobs/view/forward-deployed-engineer-agentic-platform-at-cohere-4423793964?position=6&pageNum=27&refId=GfoGVnOcd891ZYGeEQn26Q%3D%3D&trackingId=tQEavIaFR0i9U1QFYrTQEg%3D%3D,"Toronto, Ontario, Canada",https://ca.linkedin.com/company/cohere-ai?trk=public_jobs_jserp-result_job-search-card-subtitle
305,Guidewire Developer - PC & CC,Cognizant,https://ca.linkedin.com/jobs/view/guidewire-developer-pc-cc-at-cognizant-4424006972?position=7&pageNum=27&refId=GfoGVnOcd891ZYGeEQn26Q%3D%3D&trackingId=pl%2B6CnaKt92%2B98GvK%2FaB7w%3D%3D,"Toronto, Ontario, Canada",https://www.linkedin.com/company/cognizant?trk=public_jobs_jserp-result_job-search-card-subtitle
306,GOLANG Developer (Telecom/Network),Insight Global,https://ca.linkedin.com/jobs/view/golang-developer-telecom-network-at-insight-global-4429666445?position=8&pageNum=27&refId=GfoGVnOcd891ZYGeEQn26Q%3D%3D&trackingId=COwYjG6ltCiLR81mtkC02A%3D%3D,"Ottawa, Ontario, Canada",https://www.linkedin.com/company/insight-global?trk=public_jobs_jserp-result_job-search-card-subtitle
307,Industrial Software Validation|,Husky Technologies,https://ca.linkedin.com/jobs/view/industrial-software-validation-at-husky-technologies-4432141727?position=9&pageNum=27&refId=GfoGVnOcd891ZYGeEQn26Q%3D%3D&trackingId=PcXIZl8pGDuyb4jxZ%2Bm3Qg%3D%3D,"Bolton, Ontario, Canada",https://ca.linkedin.com/company/husky-technologies?trk=public_jobs_jserp-result_job-search-card-subtitle
308,Senior Systems Engineer (Distributed Infrastructure),UMATR,https://ca.linkedin.com/jobs/view/senior-systems-engineer-distributed-infrastructure-at-umatr-4428239198?position=10&pageNum=27&refId=GfoGVnOcd891ZYGeEQn26Q%3D%3D&trackingId=nmTaSXdpuqReoL3jDgaktQ%3D%3D,"Toronto, Ontario, Canada",https://ae.linkedin.com/company/umatr?trk=public_jobs_jserp-result_job-search-card-subtitle
309,"Senior Advisor, AI Engineering Frameworks & Tooling",Questrade Financial Group,https://ca.linkedin.com/jobs/view/senior-advisor-ai-engineering-frameworks-tooling-at-questrade-financial-group-4413157495?position=1&pageNum=30&refId=2vd8WsssGjsBFjobev02bA%3D%3D&trackingId=%2F52uPGXfe%2BHYIRIPxif5Iw%3D%3D,"North York, Ontario, Canada",https://ca.linkedin.com/company/questrade?trk=public_jobs_jserp-result_job-search-card-subtitle
310,Senior Vehicle Dynamics Controls,General Motors,https://ca.linkedin.com/jobs/view/senior-vehicle-dynamics-controls-at-general-motors-4398918173?position=2&pageNum=30&refId=2vd8WsssGjsBFjobev02bA%3D%3D&trackingId=lCgLbqkEP9nQAqbvOd5Wsg%3D%3D,"Markham, Ontario, Canada",https://www.linkedin.com/company/general-motors?trk=public_jobs_jserp-result_job-search-card-subtitle
311,Senior CRM Developer,York University,https://ca.linkedin.com/jobs/view/senior-crm-developer-at-york-university-4423572024?position=3&pageNum=30&refId=2vd8WsssGjsBFjobev02bA%3D%3D&trackingId=Xg0ZoqWIbvobNOuN50R7Rg%3D%3D,"Toronto, Ontario, Canada",https://ca.linkedin.com/school/york-university/?trk=public_jobs_jserp-result_job-search-card-subtitle
312,Guidewire PC Developer,J&M Group,https://ca.linkedin.com/jobs/view/guidewire-pc-developer-at-j-m-group-4432292421?position=4&pageNum=30&refId=2vd8WsssGjsBFjobev02bA%3D%3D&trackingId=3gefOf4jDHrxyukLrLQ4mg%3D%3D,"Toronto, Ontario, Canada",https://ca.linkedin.com/company/jmgroupinc?trk=public_jobs_jserp-result_job-search-card-subtitle
313,AI Process Forward Deployed Engineer,Camunda,https://ca.linkedin.com/jobs/view/ai-process-forward-deployed-engineer-at-camunda-4419683515?position=5&pageNum=30&refId=2vd8WsssGjsBFjobev02bA%3D%3D&trackingId=yegISxRgxf7RFNM68EwCMA%3D%3D,"Toronto, Ontario, Canada",https://de.linkedin.com/company/camunda?trk=public_jobs_jserp-result_job-search-card-subtitle
314,Endpoint Engineer - Contract,Compugen Inc,https://ca.linkedin.com/jobs/view/endpoint-engineer-contract-at-compugen-inc-4424471189?position=6&pageNum=30&refId=2vd8WsssGjsBFjobev02bA%3D%3D&trackingId=DGPn%2BSO8%2FpYFa2izV29eqw%3D%3D,"Toronto, Ontario, Canada",https://ca.linkedin.com/company/compugen?trk=public_jobs_jserp-result_job-search-card-subtitle
315,RQ11142 - Cloud Application Specialist - Senior,A.T. Consulting & Recruiting Inc.,https://ca.linkedin.com/jobs/view/rq11142-cloud-application-specialist-senior-at-a-t-consulting-recruiting-inc-4431444194?position=7&pageNum=30&refId=2vd8WsssGjsBFjobev02bA%3D%3D&trackingId=8XW9DrDs%2BphvkjnTf4EGIw%3D%3D,"Toronto, Ontario, Canada",https://ca.linkedin.com/company/a-t--consulting-&-recruiting?trk=public_jobs_jserp-result_job-search-card-subtitle
316,"Senior DevOps Consultant, Application Development",CIBC,https://ca.linkedin.com/jobs/view/senior-devops-consultant-application-development-at-cibc-4432469594?position=8&pageNum=30&refId=2vd8WsssGjsBFjobev02bA%3D%3D&trackingId=FB6AJxP4OUEbl1ZkuVUDPg%3D%3D,"Toronto, Ontario, Canada",https://ca.linkedin.com/company/cibc?trk=public_jobs_jserp-result_job-search-card-subtitle
317,Patient Experience Tech Innovation Engineer,Sanofi,https://ca.linkedin.com/jobs/view/patient-experience-tech-innovation-engineer-at-sanofi-4432297987?position=9&pageNum=30&refId=2vd8WsssGjsBFjobev02bA%3D%3D&trackingId=MHcgCROrk5Gmd2cOdhfXwQ%3D%3D,"Toronto, Ontario, Canada",https://fr.linkedin.com/company/sanofi?trk=public_jobs_jserp-result_job-search-card-subtitle
318,Senior Technical Services Engineer,MongoDB,https://ca.linkedin.com/jobs/view/senior-technical-services-engineer-at-mongodb-4422635705?position=10&pageNum=30&refId=2vd8WsssGjsBFjobev02bA%3D%3D&trackingId=f%2F56oMGf%2Bb9oHSBezZ9EQA%3D%3D,"Toronto, Ontario, Canada",https://www.linkedin.com/company/mongodbinc?trk=public_jobs_jserp-result_job-search-card-subtitle
319,"Senior Software Engineer, Firefox Security",Mozilla,https://ca.linkedin.com/jobs/view/senior-software-engineer-firefox-security-at-mozilla-4431434885?position=1&pageNum=32&refId=nAnfsxr6KbXL3TyD9JY4yA%3D%3D&trackingId=NROajC4jq5bzxZcqV%2BoFuQ%3D%3D,"Toronto, Ontario, Canada",https://www.linkedin.com/company/mozilla-corporation?trk=public_jobs_jserp-result_job-search-card-subtitle
320,Sr. Salesforce Developer,Genesys,https://ca.linkedin.com/jobs/view/sr-salesforce-developer-at-genesys-4424803789?position=2&pageNum=32&refId=nAnfsxr6KbXL3TyD9JY4yA%3D%3D&trackingId=G9bLH0%2FFQwm71nN%2FRii%2Fng%3D%3D,"Toronto, Ontario, Canada",https://www.linkedin.com/company/genesys?trk=public_jobs_jserp-result_job-search-card-subtitle
321,Sr. Salesforce Developer,Genesys,https://ca.linkedin.com/jobs/view/sr-salesforce-developer-at-genesys-4424808811?position=3&pageNum=32&refId=nAnfsxr6KbXL3TyD9JY4yA%3D%3D&trackingId=WviY0rsFX%2FWFJE7oU3UfnQ%3D%3D,"Ontario, Canada",https://www.linkedin.com/company/genesys?trk=public_jobs_jserp-result_job-search-card-subtitle
322,Research Associate - Energy Management & AI,UNSW,https://ca.linkedin.com/jobs/view/research-associate-energy-management-ai-at-unsw-4429800927?position=4&pageNum=32&refId=nAnfsxr6KbXL3TyD9JY4yA%3D%3D&trackingId=HU1fE7a%2FSQFFpPsmbJvo%2Fg%3D%3D,"Durham, Ontario, Canada",https://au.linkedin.com/school/unsw/?trk=public_jobs_jserp-result_job-search-card-subtitle
323,Azure Platform Lead,Quantum World Technologies Inc.,https://ca.linkedin.com/jobs/view/azure-platform-lead-at-quantum-world-technologies-inc-4432864243?position=5&pageNum=32&refId=nAnfsxr6KbXL3TyD9JY4yA%3D%3D&trackingId=1M1%2BhysrhinPbG4JBFsoTg%3D%3D,"Toronto, Ontario, Canada",https://www.linkedin.com/company/quantumworldtech?trk=public_jobs_jserp-result_job-search-card-subtitle
324,Senior Manager - Cloud Engineering,EY,https://ca.linkedin.com/jobs/view/senior-manager-cloud-engineering-at-ey-4385072890?position=6&pageNum=32&refId=nAnfsxr6KbXL3TyD9JY4yA%3D%3D&trackingId=McdUBxObe%2B0KurSXOVGMZA%3D%3D,"Waterloo, Ontario, Canada",https://uk.linkedin.com/company/ernstandyoung?trk=public_jobs_jserp-result_job-search-card-subtitle
325,Senior Partner Engineer,Affirm,https://ca.linkedin.com/jobs/view/senior-partner-engineer-at-affirm-4431897067?position=7&pageNum=32&refId=nAnfsxr6KbXL3TyD9JY4yA%3D%3D&trackingId=sbgQg0vi26n%2BT%2BRj7xH4uA%3D%3D,"Oshawa, Ontario, Canada",https://www.linkedin.com/company/affirm?trk=public_jobs_jserp-result_job-search-card-subtitle
326,Archer Configurator / developer,"Q1 Technologies, Inc.",https://ca.linkedin.com/jobs/view/archer-configurator-developer-at-q1-technologies-inc-4429446405?position=8&pageNum=32&refId=nAnfsxr6KbXL3TyD9JY4yA%3D%3D&trackingId=%2FrmjigqyJ8%2Fd7Sn1THTOoA%3D%3D,"Toronto, Ontario, Canada",https://www.linkedin.com/company/q1tech?trk=public_jobs_jserp-result_job-search-card-subtitle
327,Senior Manager - Cloud Engineering,EY,https://ca.linkedin.com/jobs/view/senior-manager-cloud-engineering-at-ey-4385080543?position=9&pageNum=32&refId=nAnfsxr6KbXL3TyD9JY4yA%3D%3D&trackingId=2i4sou7eGT5M8tTwImiGrw%3D%3D,"London, Ontario, Canada",https://uk.linkedin.com/company/ernstandyoung?trk=public_jobs_jserp-result_job-search-card-subtitle
328,Développeur logiciel principal,Staples Canada,https://ca.linkedin.com/jobs/view/d%C3%A9veloppeur-logiciel-principal-at-staples-canada-4432818829?position=10&pageNum=32&refId=nAnfsxr6KbXL3TyD9JY4yA%3D%3D&trackingId=weeBZJtigLA1SGwgsE85Ww%3D%3D,"Richmond Hill, Ontario, Canada",https://ca.linkedin.com/company/staples-canada?trk=public_jobs_jserp-result_job-search-card-subtitle
329,"Manager, Platform Technology",goeasy Ltd.,https://ca.linkedin.com/jobs/view/manager-platform-technology-at-goeasy-ltd-4429881100?position=1&pageNum=35&refId=Ss9IuFpm35MOzwus5PhedQ%3D%3D&trackingId=7YUQvxu0%2F5KKa%2BRMoeSLtA%3D%3D,"Mississauga, Ontario, Canada",https://ca.linkedin.com/company/goeasyltd?trk=public_jobs_jserp-result_job-search-card-subtitle
330,"Manager, Platform Technology",goeasy Ltd.,https://ca.linkedin.com/jobs/view/manager-platform-technology-at-goeasy-ltd-4429874128?position=2&pageNum=35&refId=Ss9IuFpm35MOzwus5PhedQ%3D%3D&trackingId=GS1Paeqs%2B5r1KvRyamjhjg%3D%3D,"Pickering, Ontario, Canada",https://ca.linkedin.com/company/goeasyltd?trk=public_jobs_jserp-result_job-search-card-subtitle
331,"Lead Engineer, Total Fund Management Technology",CPP Investments | Investissements RPC,https://ca.linkedin.com/jobs/view/lead-engineer-total-fund-management-technology-at-cpp-investments-investissements-rpc-4419219081?position=3&pageNum=35&refId=Ss9IuFpm35MOzwus5PhedQ%3D%3D&trackingId=HoLVjoni9wZu338pvKTSog%3D%3D,"Toronto, Ontario, Canada",https://ca.linkedin.com/company/cppinvestmentsinvestissementsrpc?trk=public_jobs_jserp-result_job-search-card-subtitle
332,"Director, Developer Operations and Experience",Miovision,https://ca.linkedin.com/jobs/view/director-developer-operations-and-experience-at-miovision-4398135112?position=4&pageNum=35&refId=Ss9IuFpm35MOzwus5PhedQ%3D%3D&trackingId=X4S05rzFO8BGjQWOu7P3QQ%3D%3D,"Kitchener, Ontario, Canada",https://ca.linkedin.com/company/miovision-technologies?trk=public_jobs_jserp-result_job-search-card-subtitle
333,"Life Cycle Support Intern (Fall 2026, 4-8months)",Hitachi Rail,https://ca.linkedin.com/jobs/view/life-cycle-support-intern-fall-2026-4-8months-at-hitachi-rail-4412569504?position=5&pageNum=35&refId=Ss9IuFpm35MOzwus5PhedQ%3D%3D&trackingId=BjFG7CoTwAhoet5uweI3Lw%3D%3D,"Toronto, Ontario, Canada",https://uk.linkedin.com/company/hitachirail?trk=public_jobs_jserp-result_job-search-card-subtitle
334,Lead Applied Scientist,Thomson Reuters,https://ca.linkedin.com/jobs/view/lead-applied-scientist-at-thomson-reuters-4392811335?position=6&pageNum=35&refId=Ss9IuFpm35MOzwus5PhedQ%3D%3D&trackingId=nCb0bYp1zdFZco2fKjsptw%3D%3D,"Toronto, Ontario, Canada",https://ca.linkedin.com/company/thomson-reuters?trk=public_jobs_jserp-result_job-search-card-subtitle
335,Platform Technology Lead,Vancity,https://ca.linkedin.com/jobs/view/platform-technology-lead-at-vancity-4431291020?position=7&pageNum=35&refId=Ss9IuFpm35MOzwus5PhedQ%3D%3D&trackingId=3tS2vMLUjSYNbpy6fJ4zfA%3D%3D,"Toronto, Ontario, Canada",https://ca.linkedin.com/company/vancity?trk=public_jobs_jserp-result_job-search-card-subtitle
336,"Technology Partner, TSX Trust Engineering",TMX Group,https://ca.linkedin.com/jobs/view/technology-partner-tsx-trust-engineering-at-tmx-group-4432125838?position=8&pageNum=35&refId=Ss9IuFpm35MOzwus5PhedQ%3D%3D&trackingId=SmYB0ECE2WKLM3J%2BfoYaZA%3D%3D,"Toronto, Ontario, Canada",https://ca.linkedin.com/company/tmx-group?trk=public_jobs_jserp-result_job-search-card-subtitle
337,SAP S4 Functional Engineer,Sun Life,https://ca.linkedin.com/jobs/view/sap-s4-functional-engineer-at-sun-life-4419097313?position=9&pageNum=35&refId=Ss9IuFpm35MOzwus5PhedQ%3D%3D&trackingId=lLdvxHl2S6HNw7QAstpDeQ%3D%3D,"Toronto, Ontario, Canada",https://www.linkedin.com/company/sun-life-financial?trk=public_jobs_jserp-result_job-search-card-subtitle
338,Conseiller ou la conseillère en développement de systèmes,Co-operators Assurance et services financiers,https://ca.linkedin.com/jobs/view/conseiller-ou-la-conseill%C3%A8re-en-d%C3%A9veloppement-de-syst%C3%A8mes-at-co-operators-assurance-et-services-financiers-4403669300?position=10&pageNum=35&refId=Ss9IuFpm35MOzwus5PhedQ%3D%3D&trackingId=r2Nvz6qAaxT8SB4sgHfKWQ%3D%3D,"Guelph, Ontario, Canada",https://ca.linkedin.com/company/co_operators?trk=public_jobs_jserp-result_job-search-card-subtitle
339,Senior Technical Program Manager,CNN,https://ca.linkedin.com/jobs/view/senior-technical-program-manager-at-cnn-4432451863?position=1&pageNum=37&refId=KwonsBnx4l3c8c20G1qsbg%3D%3D&trackingId=lfhinagze5q08zp4aYjDiQ%3D%3D,"Kanata, Ontario, Canada",https://www.linkedin.com/company/cnn?trk=public_jobs_jserp-result_job-search-card-subtitle
340,"Post-Silicon Systems Validation Engineer, Annapurna Labs",Amazon Web Services (AWS),https://ca.linkedin.com/jobs/view/post-silicon-systems-validation-engineer-annapurna-labs-at-amazon-web-services-aws-4432241886?position=2&pageNum=37&refId=KwonsBnx4l3c8c20G1qsbg%3D%3D&trackingId=4qMEnSfqtShGPtliedI%2BoQ%3D%3D,"Toronto, Ontario, Canada",https://www.linkedin.com/company/amazon-web-services?trk=public_jobs_jserp-result_job-search-card-subtitle
341,QNX Technical Writer II,QNX,https://ca.linkedin.com/jobs/view/qnx-technical-writer-ii-at-qnx-4432888220?position=3&pageNum=37&refId=KwonsBnx4l3c8c20G1qsbg%3D%3D&trackingId=V7PFSiSYiGtm1Md7hBi%2Ftw%3D%3D,"Ottawa, Ontario, Canada",https://ca.linkedin.com/company/qnx?trk=public_jobs_jserp-result_job-search-card-subtitle
342,Conseiller(ère) ou Conseiller(ère) principal(e) - développeur(e) AEP/AJO,Deloitte,https://ca.linkedin.com/jobs/view/conseiller-%C3%A8re-ou-conseiller-%C3%A8re-principal-e-d%C3%A9veloppeur-e-aep-ajo-at-deloitte-4431432167?position=4&pageNum=37&refId=KwonsBnx4l3c8c20G1qsbg%3D%3D&trackingId=fQoD3njyXqqXeqYFSMasww%3D%3D,"Toronto, Ontario, Canada",https://www.linkedin.com/company/deloitte?trk=public_jobs_jserp-result_job-search-card-subtitle
343,Postdoctoral Researcher (Machine Learning for Multimodal Healthcare AI),University Health Network,https://ca.linkedin.com/jobs/view/postdoctoral-researcher-machine-learning-for-multimodal-healthcare-ai-at-university-health-network-4430737920?position=5&pageNum=37&refId=KwonsBnx4l3c8c20G1qsbg%3D%3D&trackingId=zGZUMnXz0VMliWdHMbRN8A%3D%3D,"Toronto, Ontario, Canada",https://ca.linkedin.com/company/university-health-network?trk=public_jobs_jserp-result_job-search-card-subtitle
344,General Postdoctoral Researcher (Masters/PhDs),Alignerr,https://ca.linkedin.com/jobs/view/general-postdoctoral-researcher-masters-phds-at-alignerr-4433001828?position=6&pageNum=37&refId=KwonsBnx4l3c8c20G1qsbg%3D%3D&trackingId=Csilcy7Jak%2Fy50k7yBRUwQ%3D%3D,"Toronto, Ontario, Canada",https://www.linkedin.com/company/alignerr?trk=public_jobs_jserp-result_job-search-card-subtitle
345,"Specialized IT Consultant – Oracle EPM Hyperion Planning 11.2, Infrastructure Setup, ETL/ODI Expertise, Informatica Desirable","CCI- Computer Consultants International, Inc.",https://ca.linkedin.com/jobs/view/specialized-it-consultant-%E2%80%93-oracle-epm-hyperion-planning-11-2-infrastructure-setup-etl-odi-expertise-informatica-desirable-at-cci-computer-consultants-international-inc-4432088357?position=7&pageNum=37&refId=KwonsBnx4l3c8c20G1qsbg%3D%3D&trackingId=elMREAa6%2Fm9EBVG8P6%2FY5A%3D%3D,"Toronto, Ontario, Canada",https://www.linkedin.com/company/cci--computer-consultants-international-inc.?trk=public_jobs_jserp-result_job-search-card-subtitle
346,SMB Account Executive - Data Foundation (MuleSoft + Informatica),Informatica Brasil,https://ca.linkedin.com/jobs/view/smb-account-executive-data-foundation-mulesoft-%2B-informatica-at-informatica-brasil-4432485479?position=8&pageNum=37&refId=KwonsBnx4l3c8c20G1qsbg%3D%3D&trackingId=blwlBB2CWt7eDN36VJFkLQ%3D%3D,"Toronto, Ontario, Canada",https://br.linkedin.com/showcase/informatica-brasil/?trk=public_jobs_jserp-result_job-search-card-subtitle
347,SMB Account Executive - Data Foundation (MuleSoft + Informatica),Salesforce,https://ca.linkedin.com/jobs/view/smb-account-executive-data-foundation-mulesoft-%2B-informatica-at-salesforce-4432476996?position=9&pageNum=37&refId=KwonsBnx4l3c8c20G1qsbg%3D%3D&trackingId=y2UFzqBrDdEOZ4tRB76lCQ%3D%3D,"Toronto, Ontario, Canada",https://www.linkedin.com/company/salesforce?trk=public_jobs_jserp-result_job-search-card-subtitle
348,SMB Prime Territory Account Executive - Data Foundation,Salesforce Partner Canada,https://ca.linkedin.com/jobs/view/smb-prime-territory-account-executive-data-foundation-at-salesforce-partner-canada-4432187168?position=10&pageNum=37&refId=KwonsBnx4l3c8c20G1qsbg%3D%3D&trackingId=0z0znhdw3fd4p8%2F9vn54zw%3D%3D,"Toronto, Ontario, Canada",https://www.linkedin.com/company/salesforce-partner-canada?trk=public_jobs_jserp-result_job-search-card-subtitle
349,Backend Developer - Fully Remote | Upto $85/hr,Mercor,https://ca.linkedin.com/jobs/view/backend-developer-fully-remote-upto-%2485-hr-at-mercor-4431469513?position=1&pageNum=0&refId=wbBogwOpi8kIEY7oZkzJOw%3D%3D&trackingId=RXOjNNz33ltOLVMlKRKQ0Q%3D%3D,"Toronto, Ontario, Canada",https://www.linkedin.com/company/mercor-ai?trk=public_jobs_jserp-result_job-search-card-subtitle
350,Backend Software Engineer,eBay,https://ca.linkedin.com/jobs/view/backend-software-engineer-at-ebay-4429498138?position=2&pageNum=0&refId=wbBogwOpi8kIEY7oZkzJOw%3D%3D&trackingId=k1UPuSWIt%2BXPFXPgMuG7yw%3D%3D,"Toronto, Ontario, Canada",https://www.linkedin.com/company/ebay?trk=public_jobs_jserp-result_job-search-card-subtitle
351,Backend Software Engineer,eBay,https://ca.linkedin.com/jobs/view/backend-software-engineer-at-ebay-4429802041?position=3&pageNum=0&refId=wbBogwOpi8kIEY7oZkzJOw%3D%3D&trackingId=2QeUsiOa4NrNRdoogWNkEA%3D%3D,"Toronto, Ontario, Canada",https://www.linkedin.com/company/ebay?trk=public_jobs_jserp-result_job-search-card-subtitle
352,Junior Full Stack Developer (Contract Role),Capco,https://ca.linkedin.com/jobs/view/junior-full-stack-developer-contract-role-at-capco-4421882265?position=4&pageNum=0&refId=wbBogwOpi8kIEY7oZkzJOw%3D%3D&trackingId=J3Os9IiquabZjGvRZr7OYQ%3D%3D,"Toronto, Ontario, Canada",https://uk.linkedin.com/company/capco?trk=public_jobs_jserp-result_job-search-card-subtitle
353,Back End Developer,Yoush Consulting,https://ca.linkedin.com/jobs/view/back-end-developer-at-yoush-consulting-4432869903?position=5&pageNum=0&refId=wbBogwOpi8kIEY7oZkzJOw%3D%3D&trackingId=yps1N7bOEUiMdWsexfqSyg%3D%3D,"Toronto, Ontario, Canada",https://ca.linkedin.com/company/yoush-consulting?trk=public_jobs_jserp-result_job-search-card-subtitle
354,Backend Python Developer,Apexon,https://ca.linkedin.com/jobs/view/backend-python-developer-at-apexon-4432219881?position=6&pageNum=0&refId=wbBogwOpi8kIEY7oZkzJOw%3D%3D&trackingId=E%2B8MK9QInVWo5xIrsEIl1g%3D%3D,"Toronto, Ontario, Canada",https://www.linkedin.com/company/apexon?trk=public_jobs_jserp-result_job-search-card-subtitle
355,Full Stack Developer,Deloitte,https://ca.linkedin.com/jobs/view/full-stack-developer-at-deloitte-4432425447?position=7&pageNum=0&refId=wbBogwOpi8kIEY7oZkzJOw%3D%3D&trackingId=m9XoZ2IVUTimO86ZuPXIJA%3D%3D,"Toronto, Ontario, Canada",https://www.linkedin.com/company/deloitte?trk=public_jobs_jserp-result_job-search-card-subtitle
356,Back End Developer,Hays,https://ca.linkedin.com/jobs/view/back-end-developer-at-hays-4432263864?position=8&pageNum=0&refId=wbBogwOpi8kIEY7oZkzJOw%3D%3D&trackingId=jLc%2BWXbQsd4q1VsoRmbNcg%3D%3D,"Toronto, Ontario, Canada",https://uk.linkedin.com/company/hays?trk=public_jobs_jserp-result_job-search-card-subtitle
357,Full Stack Developer,Themesoft Inc.,https://ca.linkedin.com/jobs/view/full-stack-developer-at-themesoft-inc-4432286574?position=9&pageNum=0&refId=wbBogwOpi8kIEY7oZkzJOw%3D%3D&trackingId=lqXfHabk8X9sEYOyn2lv0w%3D%3D,"Toronto, Ontario, Canada",https://www.linkedin.com/company/themesoft-inc.?trk=public_jobs_jserp-result_job-search-card-subtitle
358,Full Stack Developer,Magna International,https://ca.linkedin.com/jobs/view/full-stack-developer-at-magna-international-4432418431?position=10&pageNum=0&refId=wbBogwOpi8kIEY7oZkzJOw%3D%3D&trackingId=GnhQm%2FQx0V2wQv6ziM9mvg%3D%3D,"Brampton, Ontario, Canada",https://ca.linkedin.com/company/magna-international?trk=public_jobs_jserp-result_job-search-card-subtitle
359,Senior Engineer-Front End Developer,Aptiv,https://ca.linkedin.com/jobs/view/senior-engineer-front-end-developer-at-aptiv-4432587978?position=1&pageNum=2&refId=Ru47xer7692XSryB4PKq5g%3D%3D&trackingId=C2A%2FBCakStI%2FwlY16vpKPQ%3D%3D,"Ottawa, Ontario, Canada",https://ch.linkedin.com/company/aptiv?trk=public_jobs_jserp-result_job-search-card-subtitle
360,Full Stack Engineer,Galent,https://ca.linkedin.com/jobs/view/full-stack-engineer-at-galent-4429461787?position=2&pageNum=2&refId=Ru47xer7692XSryB4PKq5g%3D%3D&trackingId=28LzvH2kCK%2F1jVNU0F0AJA%3D%3D,"Toronto, Ontario, Canada",https://www.linkedin.com/company/galenthq?trk=public_jobs_jserp-result_job-search-card-subtitle
361,Full Stack Developer,Kinsta®,https://ca.linkedin.com/jobs/view/full-stack-developer-at-kinsta%C2%AE-4432552547?position=3&pageNum=2&refId=Ru47xer7692XSryB4PKq5g%3D%3D&trackingId=qO8Vmz09Mv3cZ7Wx%2F17AuQ%3D%3D,"Toronto, Ontario, Canada",https://www.linkedin.com/company/kinsta?trk=public_jobs_jserp-result_job-search-card-subtitle
362,Senior Full Stack Developer,IS3 Solutions,https://ca.linkedin.com/jobs/view/senior-full-stack-developer-at-is3-solutions-4432400379?position=4&pageNum=2&refId=Ru47xer7692XSryB4PKq5g%3D%3D&trackingId=chwK0yN%2Bct8A0ou14ZcRjw%3D%3D,"Toronto, Ontario, Canada",https://www.linkedin.com/company/is3-technology-services?trk=public_jobs_jserp-result_job-search-card-subtitle
363,React JS Developer,Apptad,https://ca.linkedin.com/jobs/view/react-js-developer-at-apptad-4431832705?position=5&pageNum=2&refId=Ru47xer7692XSryB4PKq5g%3D%3D&trackingId=2g9UOS7uTyqiJzmAmnD9Rw%3D%3D,"Mississauga, Ontario, Canada",https://www.linkedin.com/company/apptad?trk=public_jobs_jserp-result_job-search-card-subtitle
364,Java Backend Developer,CGI,https://ca.linkedin.com/jobs/view/java-backend-developer-at-cgi-4393508255?position=6&pageNum=2&refId=Ru47xer7692XSryB4PKq5g%3D%3D&trackingId=Lw1I2qh72h6%2FI4S6psI9%2Bg%3D%3D,"Toronto, Ontario, Canada",https://ca.linkedin.com/company/cgi?trk=public_jobs_jserp-result_job-search-card-subtitle
365,Software Developer - Java,"Global Technical Talent, an Inc. 5000 Company",https://ca.linkedin.com/jobs/view/software-developer-java-at-global-technical-talent-an-inc-5000-company-4429401257?position=7&pageNum=2&refId=Ru47xer7692XSryB4PKq5g%3D%3D&trackingId=MsJc62e3%2BcgazMivV7u5Dg%3D%3D,"Toronto, Ontario, Canada",https://www.linkedin.com/company/global-technical-talent?trk=public_jobs_jserp-result_job-search-card-subtitle
366,Full Stack Developer,Insight Global,https://ca.linkedin.com/jobs/view/full-stack-developer-at-insight-global-4431835894?position=8&pageNum=2&refId=Ru47xer7692XSryB4PKq5g%3D%3D&trackingId=KCykTIWWhnk8T%2FoFYDkERA%3D%3D,Greater Kitchener-Cambridge-Waterloo Metropolitan Area,https://www.linkedin.com/company/insight-global?trk=public_jobs_jserp-result_job-search-card-subtitle
367,Java Software Engineer,Dexian,https://ca.linkedin.com/jobs/view/java-software-engineer-at-dexian-4431245918?position=9&pageNum=2&refId=Ru47xer7692XSryB4PKq5g%3D%3D&trackingId=KXqMWmzaZs22vaP2kWXRFg%3D%3D,"Toronto, Ontario, Canada",https://www.linkedin.com/company/dexiansolutions?trk=public_jobs_jserp-result_job-search-card-subtitle
368,Full Stack Developer,Tekgence Inc,https://ca.linkedin.com/jobs/view/full-stack-developer-at-tekgence-inc-4431876111?position=10&pageNum=2&refId=Ru47xer7692XSryB4PKq5g%3D%3D&trackingId=xDqUEMWdyL1CSUgSN0HXGw%3D%3D,"Toronto, Ontario, Canada",https://www.linkedin.com/company/tekgence-inc?trk=public_jobs_jserp-result_job-search-card-subtitle
369,"Staff Backend Developer, U-Ads","Unity South APAC (SEA, ANZ, IND Subcont.)",https://ca.linkedin.com/jobs/view/staff-backend-developer-u-ads-at-unity-south-apac-sea-anz-ind-subcont-4432524243?position=1&pageNum=5&refId=6cjQZhab6AlU0TK3jsZQ5w%3D%3D&trackingId=tWvIIcNcPHClI%2BSREKescw%3D%3D,"Ontario, Canada",https://sg.linkedin.com/company/unitysapac?trk=public_jobs_jserp-result_job-search-card-subtitle
370,Full Stack Engineer,Compest Solutions Inc.,https://ca.linkedin.com/jobs/view/full-stack-engineer-at-compest-solutions-inc-4432122266?position=2&pageNum=5&refId=6cjQZhab6AlU0TK3jsZQ5w%3D%3D&trackingId=x%2BQLmcJ6P4%2FfORkf%2FA6f3g%3D%3D,"Toronto, Ontario, Canada",https://www.linkedin.com/company/compest-solutions-inc-?trk=public_jobs_jserp-result_job-search-card-subtitle
371,Java Developer,Jobility Talent Solutions,https://ca.linkedin.com/jobs/view/java-developer-at-jobility-talent-solutions-4431831397?position=3&pageNum=5&refId=6cjQZhab6AlU0TK3jsZQ5w%3D%3D&trackingId=Kx2FbUyJGOVjVk0bYcOwRw%3D%3D,"Toronto, Ontario, Canada",https://www.linkedin.com/company/jobiltytalentsolutions?trk=public_jobs_jserp-result_job-search-card-subtitle
372,Java Software Developer V,Robertson & Company Ltd.,https://ca.linkedin.com/jobs/view/java-software-developer-v-at-robertson-company-ltd-4426168449?position=4&pageNum=5&refId=6cjQZhab6AlU0TK3jsZQ5w%3D%3D&trackingId=eeXriq7TG24nkh8C5gmCqw%3D%3D,"Toronto, Ontario, Canada",https://ca.linkedin.com/company/robertson-&-company-ltd-?trk=public_jobs_jserp-result_job-search-card-subtitle
373,Senior Back-end Developer,Carbonhound,https://ca.linkedin.com/jobs/view/senior-back-end-developer-at-carbonhound-4431829823?position=5&pageNum=5&refId=6cjQZhab6AlU0TK3jsZQ5w%3D%3D&trackingId=lsPxmVDELTJH4%2BPWy0hB%2FA%3D%3D,"Toronto, Ontario, Canada",https://ca.linkedin.com/company/carbonhound?trk=public_jobs_jserp-result_job-search-card-subtitle
374,Java Developer,Virtusa,https://ca.linkedin.com/jobs/view/java-developer-at-virtusa-4408111528?position=6&pageNum=5&refId=6cjQZhab6AlU0TK3jsZQ5w%3D%3D&trackingId=utJFGtMLY2i3tn%2F2Pn6sWQ%3D%3D,"Mississauga, Ontario, Canada",https://www.linkedin.com/company/virtusa?trk=public_jobs_jserp-result_job-search-card-subtitle
375,Java API Engineer,Covetus,https://ca.linkedin.com/jobs/view/java-api-engineer-at-covetus-4422684623?position=7&pageNum=5&refId=6cjQZhab6AlU0TK3jsZQ5w%3D%3D&trackingId=WNz5Jg7wBPSRI1js5G2t9w%3D%3D,"Mississauga, Ontario, Canada",https://www.linkedin.com/company/covetus?trk=public_jobs_jserp-result_job-search-card-subtitle
376,"Senior Software Engineer, Full-stack (Distribution Center)",Afresh,https://ca.linkedin.com/jobs/view/senior-software-engineer-full-stack-distribution-center-at-afresh-4432466196?position=8&pageNum=5&refId=6cjQZhab6AlU0TK3jsZQ5w%3D%3D&trackingId=3udcpDWxr8zayZWO6nCwxw%3D%3D,"Ontario, Canada",https://www.linkedin.com/company/afreshtechnologies?trk=public_jobs_jserp-result_job-search-card-subtitle
377,Senior Full Stack Developer,Round Digital,https://ca.linkedin.com/jobs/view/senior-full-stack-developer-at-round-digital-4431895987?position=9&pageNum=5&refId=6cjQZhab6AlU0TK3jsZQ5w%3D%3D&trackingId=EWZy%2FdUhNai%2B1OGjUgY87g%3D%3D,"Mississauga, Ontario, Canada",https://ca.linkedin.com/company/rounddigital?trk=public_jobs_jserp-result_job-search-card-subtitle
378,Senior Full Stack Developer,Bevertec,https://ca.linkedin.com/jobs/view/senior-full-stack-developer-at-bevertec-4432592896?position=10&pageNum=5&refId=6cjQZhab6AlU0TK3jsZQ5w%3D%3D&trackingId=JNUhsvozO6JgdsF05yHnLw%3D%3D,"Toronto, Ontario, Canada",https://ca.linkedin.com/company/bevertec?trk=public_jobs_jserp-result_job-search-card-subtitle
379,Java Developer,VySystems,https://ca.linkedin.com/jobs/view/java-developer-at-vysystems-4432891718?position=1&pageNum=7&refId=mKOOcZ0evTNMccxij9AXqQ%3D%3D&trackingId=RIkvAYiuVsmyaLRzVqFJDw%3D%3D,"Mississauga, Ontario, Canada",https://www.linkedin.com/company/vysystems?trk=public_jobs_jserp-result_job-search-card-subtitle
380,"Full Stack Web Developer, Conversations and Community",Radio-Canada,https://ca.linkedin.com/jobs/view/full-stack-web-developer-conversations-and-community-at-radio-canada-4432281088?position=2&pageNum=7&refId=mKOOcZ0evTNMccxij9AXqQ%3D%3D&trackingId=LTYzD6c2uVz6n85nqjPifw%3D%3D,"Toronto, Ontario, Canada",https://ca.linkedin.com/company/radio-canada?trk=public_jobs_jserp-result_job-search-card-subtitle
381,Front End Developer – Angular,Yochana,https://ca.linkedin.com/jobs/view/front-end-developer-%E2%80%93-angular-at-yochana-4432115166?position=3&pageNum=7&refId=mKOOcZ0evTNMccxij9AXqQ%3D%3D&trackingId=qWFMf5q5YiDCa08tYBuMuQ%3D%3D,"Brampton, Ontario, Canada",https://www.linkedin.com/company/yochana?trk=public_jobs_jserp-result_job-search-card-subtitle
382,Sr. Java Developer - Azure/Node JS,BeachHead,https://ca.linkedin.com/jobs/view/sr-java-developer-azure-node-js-at-beachhead-4430841198?position=4&pageNum=7&refId=mKOOcZ0evTNMccxij9AXqQ%3D%3D&trackingId=KQo3cCeCVA6i50muVzEXYg%3D%3D,"Toronto, Ontario, Canada",https://ca.linkedin.com/company/beachhead-inc?trk=public_jobs_jserp-result_job-search-card-subtitle
383,AWS Node.js Developer,UniSysTech Consulting,https://ca.linkedin.com/jobs/view/aws-node-js-developer-at-unisystech-consulting-4431879388?position=5&pageNum=7&refId=mKOOcZ0evTNMccxij9AXqQ%3D%3D&trackingId=V63nCEsqdFrgZ9OUz7by2w%3D%3D,"Toronto, Ontario, Canada",https://ca.linkedin.com/company/unisystech-consulting?trk=public_jobs_jserp-result_job-search-card-subtitle
384,Senior Java Back End Developer – Assistant Vice President,Citi,https://ca.linkedin.com/jobs/view/senior-java-back-end-developer-%E2%80%93-assistant-vice-president-at-citi-4413061401?position=6&pageNum=7&refId=mKOOcZ0evTNMccxij9AXqQ%3D%3D&trackingId=KvSX6YW13GzukXldhMiBvw%3D%3D,"Mississauga, Ontario, Canada",https://www.linkedin.com/company/citi?trk=public_jobs_jserp-result_job-search-card-subtitle
385,.NET Full Stack Engineer,UST,https://ca.linkedin.com/jobs/view/net-full-stack-engineer-at-ust-4419202268?position=7&pageNum=7&refId=mKOOcZ0evTNMccxij9AXqQ%3D%3D&trackingId=1p50CbVPwE36m1MlNTCCDg%3D%3D,"Ontario, Canada",https://www.linkedin.com/company/ustglobal?trk=public_jobs_jserp-result_job-search-card-subtitle
386,Java(Calypso) Developer,iTech US Inc,https://ca.linkedin.com/jobs/view/java-calypso-developer-at-itech-us-inc-4432142247?position=8&pageNum=7&refId=mKOOcZ0evTNMccxij9AXqQ%3D%3D&trackingId=ZHh4%2FyYUBEFnhAoBVVnuYg%3D%3D,"Toronto, Ontario, Canada",https://www.linkedin.com/company/itech-us-inc?trk=public_jobs_jserp-result_job-search-card-subtitle
387,Open Source Developer [33133],Stealth Startup,https://ca.linkedin.com/jobs/view/open-source-developer-33133-at-stealth-startup-4429834217?position=9&pageNum=7&refId=mKOOcZ0evTNMccxij9AXqQ%3D%3D&trackingId=CUzQYaquFUj0DoapX9swhw%3D%3D,"Waterloo, Ontario, Canada",https://www.linkedin.com/company/stealth-startupsssss?trk=public_jobs_jserp-result_job-search-card-subtitle
388,"Consultant, Back End Developer",CIBC,https://ca.linkedin.com/jobs/view/consultant-back-end-developer-at-cibc-4432827030?position=10&pageNum=7&refId=mKOOcZ0evTNMccxij9AXqQ%3D%3D&trackingId=tRZyTfbytBKYb%2FoNc8Jq3A%3D%3D,"Toronto, Ontario, Canada",https://ca.linkedin.com/company/cibc?trk=public_jobs_jserp-result_job-search-card-subtitle
389,Senior Core .Net Developer (Angular) - Operate,Deloitte,https://ca.linkedin.com/jobs/view/senior-core-net-developer-angular-operate-at-deloitte-4421891678?position=1&pageNum=10&refId=dsyqxKvaOIAcchPizCJtjA%3D%3D&trackingId=5gaPDXc5RdtGcYsgfi7oJw%3D%3D,"Toronto, Ontario, Canada",https://www.linkedin.com/company/deloitte?trk=public_jobs_jserp-result_job-search-card-subtitle
390,"Senior Full Stack Developer (Java, React) - Vice President",Citi,https://ca.linkedin.com/jobs/view/senior-full-stack-developer-java-react-vice-president-at-citi-4431211420?position=2&pageNum=10&refId=dsyqxKvaOIAcchPizCJtjA%3D%3D&trackingId=sCJ%2FhZ3SFUAbMbihysoyoQ%3D%3D,"Mississauga, Ontario, Canada",https://www.linkedin.com/company/citi?trk=public_jobs_jserp-result_job-search-card-subtitle
391,Lead Software Engineer (Full Stack),Scotiabank,https://ca.linkedin.com/jobs/view/lead-software-engineer-full-stack-at-scotiabank-4327863653?position=3&pageNum=10&refId=dsyqxKvaOIAcchPizCJtjA%3D%3D&trackingId=kh%2FzLiSAZ0f3hHlQE9xWjQ%3D%3D,"Toronto, Ontario, Canada",https://ca.linkedin.com/company/scotiabank?trk=public_jobs_jserp-result_job-search-card-subtitle
392,Senior Backend Engineer (Python) - Content Understanding,"Scribd, Inc.",https://ca.linkedin.com/jobs/view/senior-backend-engineer-python-content-understanding-at-scribd-inc-4413810900?position=4&pageNum=10&refId=dsyqxKvaOIAcchPizCJtjA%3D%3D&trackingId=ujLecD2lz5vf6VyeBn9akA%3D%3D,"Toronto, Ontario, Canada",https://www.linkedin.com/company/scribdinc?trk=public_jobs_jserp-result_job-search-card-subtitle
393,"Applied AI Backend Sr. Software Developer - Ottawa, ON",TrendAI,https://ca.linkedin.com/jobs/view/applied-ai-backend-sr-software-developer-ottawa-on-at-trendai-4422121089?position=5&pageNum=10&refId=dsyqxKvaOIAcchPizCJtjA%3D%3D&trackingId=HHz8W3ZrPoragzTEAceTLw%3D%3D,"Ottawa, Ontario, Canada",https://www.linkedin.com/company/trendai-security?trk=public_jobs_jserp-result_job-search-card-subtitle
394,AI / ML Engineer (Developer Tools & Agents),UMATR,https://ca.linkedin.com/jobs/view/ai-ml-engineer-developer-tools-agents-at-umatr-4428241189?position=6&pageNum=10&refId=dsyqxKvaOIAcchPizCJtjA%3D%3D&trackingId=mKnnb2AlRVW%2BkINtcHw05A%3D%3D,"Greater Toronto Area, Canada",https://ae.linkedin.com/company/umatr?trk=public_jobs_jserp-result_job-search-card-subtitle
395,Lead Java Full Stack Developer – Vice President,Citi,https://ca.linkedin.com/jobs/view/lead-java-full-stack-developer-%E2%80%93-vice-president-at-citi-4403657839?position=7&pageNum=10&refId=dsyqxKvaOIAcchPizCJtjA%3D%3D&trackingId=JOwF2hgtI%2F8ULfz9pyK1uw%3D%3D,"Mississauga, Ontario, Canada",https://www.linkedin.com/company/citi?trk=public_jobs_jserp-result_job-search-card-subtitle
396,"Senior Software Engineer, Backend (Infrastructure)",Affirm,https://ca.linkedin.com/jobs/view/senior-software-engineer-backend-infrastructure-at-affirm-4423294633?position=8&pageNum=10&refId=dsyqxKvaOIAcchPizCJtjA%3D%3D&trackingId=IRfEHSEpHwf6igZ%2FtBbVhQ%3D%3D,"Oshawa, Ontario, Canada",https://www.linkedin.com/company/affirm?trk=public_jobs_jserp-result_job-search-card-subtitle
397,Staff Full-stack Engineer,Motion Recruitment,https://ca.linkedin.com/jobs/view/staff-full-stack-engineer-at-motion-recruitment-4432595830?position=9&pageNum=10&refId=dsyqxKvaOIAcchPizCJtjA%3D%3D&trackingId=TL0Qri8sdpRA43mPMzdOiQ%3D%3D,"Toronto, Ontario, Canada",https://www.linkedin.com/company/motion-recruitment-partners?trk=public_jobs_jserp-result_job-search-card-subtitle
398,Lead Full Stack .Net Developer,Compass Group Canada,https://ca.linkedin.com/jobs/view/lead-full-stack-net-developer-at-compass-group-canada-4408348987?position=10&pageNum=10&refId=dsyqxKvaOIAcchPizCJtjA%3D%3D&trackingId=525yXKN%2FHRuwlO7ZIG1tVw%3D%3D,"Toronto, Ontario, Canada",https://ca.linkedin.com/company/compassgroupcanada?trk=public_jobs_jserp-result_job-search-card-subtitle
399,Senior Frontend Engineer (Team Lead),Meltwater,https://ca.linkedin.com/jobs/view/senior-frontend-engineer-team-lead-at-meltwater-4423822336?position=1&pageNum=12&refId=4NMxR%2BrOfpLoVNf09KhoAQ%3D%3D&trackingId=WQFNDSiqsKnokViH2%2BBc1Q%3D%3D,"Toronto, Ontario, Canada",https://www.linkedin.com/company/meltwater?trk=public_jobs_jserp-result_job-search-card-subtitle
400,Golang Developer (OSS/SDN Domain),Insight Global,https://ca.linkedin.com/jobs/view/golang-developer-oss-sdn-domain-at-insight-global-4427201850?position=2&pageNum=12&refId=4NMxR%2BrOfpLoVNf09KhoAQ%3D%3D&trackingId=sA%2FYXJrL3UzUiikoiXXDPg%3D%3D,"Ottawa, Ontario, Canada",https://www.linkedin.com/company/insight-global?trk=public_jobs_jserp-result_job-search-card-subtitle
401,GOLANG Developer (Telecom/Network),Insight Global,https://ca.linkedin.com/jobs/view/golang-developer-telecom-network-at-insight-global-4429666445?position=3&pageNum=12&refId=4NMxR%2BrOfpLoVNf09KhoAQ%3D%3D&trackingId=HQ8pFgKHIeGhCCKZvZW7RA%3D%3D,"Ottawa, Ontario, Canada",https://www.linkedin.com/company/insight-global?trk=public_jobs_jserp-result_job-search-card-subtitle
402,Senior/Lead Frontend Developer (React),Quantum Technology Recruiting Inc. (QTR),https://ca.linkedin.com/jobs/view/senior-lead-frontend-developer-react-at-quantum-technology-recruiting-inc-qtr-4432440875?position=4&pageNum=12&refId=4NMxR%2BrOfpLoVNf09KhoAQ%3D%3D&trackingId=G9eCZrPTXPm5KlV2nvKEkA%3D%3D,"North York, Ontario, Canada",https://ca.linkedin.com/company/quantum-technology-recruiting?trk=public_jobs_jserp-result_job-search-card-subtitle
403,Principal Software Engineer - Java,Veeva Systems,https://ca.linkedin.com/jobs/view/principal-software-engineer-java-at-veeva-systems-4377293871?position=5&pageNum=12&refId=4NMxR%2BrOfpLoVNf09KhoAQ%3D%3D&trackingId=Q1gT4EU7aN8uAmuw%2Fnr7Zw%3D%3D,"Ottawa, Ontario, Canada",https://www.linkedin.com/company/veeva-systems?trk=public_jobs_jserp-result_job-search-card-subtitle
404,Playwright Automation QE,CGI,https://ca.linkedin.com/jobs/view/playwright-automation-qe-at-cgi-4432858825?position=6&pageNum=12&refId=4NMxR%2BrOfpLoVNf09KhoAQ%3D%3D&trackingId=N4%2BrIJmgcgGRKJxpvhK6EQ%3D%3D,"Toronto, Ontario, Canada",https://ca.linkedin.com/company/cgi?trk=public_jobs_jserp-result_job-search-card-subtitle
405,Senior Partner Engineer,Affirm,https://ca.linkedin.com/jobs/view/senior-partner-engineer-at-affirm-4431890126?position=7&pageNum=12&refId=4NMxR%2BrOfpLoVNf09KhoAQ%3D%3D&trackingId=r%2BVu5FarUusw%2BzUrF8ORpw%3D%3D,"Hamilton, Ontario, Canada",https://www.linkedin.com/company/affirm?trk=public_jobs_jserp-result_job-search-card-subtitle
406,Senior Partner Engineer,Affirm,https://ca.linkedin.com/jobs/view/senior-partner-engineer-at-affirm-4431886230?position=8&pageNum=12&refId=4NMxR%2BrOfpLoVNf09KhoAQ%3D%3D&trackingId=Iz%2BdFJjLrtKW2VNgccujQw%3D%3D,"Toronto, Ontario, Canada",https://www.linkedin.com/company/affirm?trk=public_jobs_jserp-result_job-search-card-subtitle
407,Senior QA Engineer – API & Backend Testing,Recruit Action inc.,https://ca.linkedin.com/jobs/view/senior-qa-engineer-%E2%80%93-api-backend-testing-at-recruit-action-inc-4427568034?position=9&pageNum=12&refId=4NMxR%2BrOfpLoVNf09KhoAQ%3D%3D&trackingId=NAnrUSGRV1iqR9b5yl9opQ%3D%3D,"Toronto, Ontario, Canada",https://ca.linkedin.com/company/recrute-action?trk=public_jobs_jserp-result_job-search-card-subtitle
408,"Senior Advisor, AI Engineering Frameworks & Tooling",Questrade Financial Group,https://ca.linkedin.com/jobs/view/senior-advisor-ai-engineering-frameworks-tooling-at-questrade-financial-group-4413157495?position=10&pageNum=12&refId=4NMxR%2BrOfpLoVNf09KhoAQ%3D%3D&trackingId=iYtkiuY2ZqYVbAj6rbGODA%3D%3D,"North York, Ontario, Canada",https://ca.linkedin.com/company/questrade?trk=public_jobs_jserp-result_job-search-card-subtitle
409,React Developer,Altimetrik,https://ca.linkedin.com/jobs/view/react-developer-at-altimetrik-4432208906?position=1&pageNum=0&refId=pnX4gnLORE4npyzcZihsnA%3D%3D&trackingId=fwpDBK6%2F2Jjkxrr2GofD1g%3D%3D,"Mississauga, Ontario, Canada",https://www.linkedin.com/company/altimetrik?trk=public_jobs_jserp-result_job-search-card-subtitle
410,Angular Developer,Apptoza Inc.,https://ca.linkedin.com/jobs/view/angular-developer-at-apptoza-inc-4429459704?position=2&pageNum=0&refId=pnX4gnLORE4npyzcZihsnA%3D%3D&trackingId=jdM174aFrNKljgZGPb1FsQ%3D%3D,"Toronto, Ontario, Canada",https://www.linkedin.com/company/apptoza-inc?trk=public_jobs_jserp-result_job-search-card-subtitle
411,"Frontend Developer, Intermediate",Sundayy,https://ca.linkedin.com/jobs/view/frontend-developer-intermediate-at-sundayy-4432553727?position=3&pageNum=0&refId=pnX4gnLORE4npyzcZihsnA%3D%3D&trackingId=LX7%2BfMgYpS%2FqnqeCxIw9JA%3D%3D,"Ontario, Canada",https://www.linkedin.com/company/sundayyglobal?trk=public_jobs_jserp-result_job-search-card-subtitle
412,Frontend Developer,E-Solutions,https://ca.linkedin.com/jobs/view/frontend-developer-at-e-solutions-4432597598?position=4&pageNum=0&refId=pnX4gnLORE4npyzcZihsnA%3D%3D&trackingId=y3vJ%2FY05bnkPZeO67ZxCUA%3D%3D,"North York, Ontario, Canada",https://www.linkedin.com/company/e-solutions-global?trk=public_jobs_jserp-result_job-search-card-subtitle
413,Software Engineer - Frontend and Mobile,BitGo,https://ca.linkedin.com/jobs/view/software-engineer-frontend-and-mobile-at-bitgo-4403665953?position=5&pageNum=0&refId=pnX4gnLORE4npyzcZihsnA%3D%3D&trackingId=RxN1AEjChR4ptuA3HuhKiw%3D%3D,"Toronto, Ontario, Canada",https://www.linkedin.com/company/bitgo?trk=public_jobs_jserp-result_job-search-card-subtitle
414,React Full Stack Developer,Citi,https://ca.linkedin.com/jobs/view/react-full-stack-developer-at-citi-4423983804?position=6&pageNum=0&refId=pnX4gnLORE4npyzcZihsnA%3D%3D&trackingId=j9TuqIQWqEZID%2BXv%2Bn9JIg%3D%3D,"Mississauga, Ontario, Canada",https://www.linkedin.com/company/citi?trk=public_jobs_jserp-result_job-search-card-subtitle
415,React JS Developer,Apptad,https://ca.linkedin.com/jobs/view/react-js-developer-at-apptad-4431832705?position=7&pageNum=0&refId=pnX4gnLORE4npyzcZihsnA%3D%3D&trackingId=ahMIvEU3idtmKJyHcsV3hg%3D%3D,"Mississauga, Ontario, Canada",https://www.linkedin.com/company/apptad?trk=public_jobs_jserp-result_job-search-card-subtitle
416,ReactJS Developer,Covetus,https://ca.linkedin.com/jobs/view/reactjs-developer-at-covetus-4429984849?position=8&pageNum=0&refId=pnX4gnLORE4npyzcZihsnA%3D%3D&trackingId=3tqKXHxpYLK%2BOgufJUPCgQ%3D%3D,"Mississauga, Ontario, Canada",https://www.linkedin.com/company/covetus?trk=public_jobs_jserp-result_job-search-card-subtitle
417,Frontend Developer,Hallmark Global Solutions Ltd,https://ca.linkedin.com/jobs/view/frontend-developer-at-hallmark-global-solutions-ltd-4431858171?position=9&pageNum=0&refId=pnX4gnLORE4npyzcZihsnA%3D%3D&trackingId=kK%2BQLTbSaOJBjA0yiEWvPA%3D%3D,"Mississauga, Ontario, Canada",https://www.linkedin.com/company/hallmark-global-solutions?trk=public_jobs_jserp-result_job-search-card-subtitle
418,Frontend TypeScript Engineer (AI Training),Alignerr,https://ca.linkedin.com/jobs/view/frontend-typescript-engineer-ai-training-at-alignerr-4432487860?position=10&pageNum=0&refId=pnX4gnLORE4npyzcZihsnA%3D%3D&trackingId=mNDQu%2BjqopvRq%2FLoJmZgbQ%3D%3D,"Toronto, Ontario, Canada",https://www.linkedin.com/company/alignerr?trk=public_jobs_jserp-result_job-search-card-subtitle
419,AWS Node.js Developer,UniSysTech Consulting,https://ca.linkedin.com/jobs/view/aws-node-js-developer-at-unisystech-consulting-4431879388?position=1&pageNum=2&refId=3ickCJTeoAeoM14BpgcHbA%3D%3D&trackingId=NtgsTxM32wEIXZJHmAuw6Q%3D%3D,"Toronto, Ontario, Canada",https://ca.linkedin.com/company/unisystech-consulting?trk=public_jobs_jserp-result_job-search-card-subtitle
420,"Full Stack Developer (React, Python) - Assistant Vice President",Citi,https://ca.linkedin.com/jobs/view/full-stack-developer-react-python-assistant-vice-president-at-citi-4431478888?position=2&pageNum=2&refId=3ickCJTeoAeoM14BpgcHbA%3D%3D&trackingId=cVkhbF0KHZdbFTEyEA8%2BNg%3D%3D,"Mississauga, Ontario, Canada",https://www.linkedin.com/company/citi?trk=public_jobs_jserp-result_job-search-card-subtitle
421,Web & Automations Developer,Yorkville University,https://ca.linkedin.com/jobs/view/web-automations-developer-at-yorkville-university-4432291851?position=3&pageNum=2&refId=3ickCJTeoAeoM14BpgcHbA%3D%3D&trackingId=R0toqdjd7z1KDPb82wNoOQ%3D%3D,"Toronto, Ontario, Canada",https://ca.linkedin.com/school/yorkville-university/?trk=public_jobs_jserp-result_job-search-card-subtitle
422,Senior Core .Net Developer (Angular) - Operate,Deloitte,https://ca.linkedin.com/jobs/view/senior-core-net-developer-angular-operate-at-deloitte-4421891678?position=4&pageNum=2&refId=3ickCJTeoAeoM14BpgcHbA%3D%3D&trackingId=t2eN8lHY2AeIQ4GoM3dNwA%3D%3D,"Toronto, Ontario, Canada",https://www.linkedin.com/company/deloitte?trk=public_jobs_jserp-result_job-search-card-subtitle
423,Java Developer (Java/J2EE/Angular 7+/SpringBoot),CIBC,https://ca.linkedin.com/jobs/view/java-developer-java-j2ee-angular-7%2B-springboot-at-cibc-4432809950?position=5&pageNum=2&refId=3ickCJTeoAeoM14BpgcHbA%3D%3D&trackingId=1asyKpJKirdpCa0a098EIw%3D%3D,"Toronto, Ontario, Canada",https://ca.linkedin.com/company/cibc?trk=public_jobs_jserp-result_job-search-card-subtitle
424,AI / ML Engineer (Developer Tools & Agents),UMATR,https://ca.linkedin.com/jobs/view/ai-ml-engineer-developer-tools-agents-at-umatr-4428241189?position=6&pageNum=2&refId=3ickCJTeoAeoM14BpgcHbA%3D%3D&trackingId=PngubePzd1oEnzNYezk7iA%3D%3D,"Greater Toronto Area, Canada",https://ae.linkedin.com/company/umatr?trk=public_jobs_jserp-result_job-search-card-subtitle
425,Sr. Java Developer - Azure/Node JS,BeachHead,https://ca.linkedin.com/jobs/view/sr-java-developer-azure-node-js-at-beachhead-4430841198?position=7&pageNum=2&refId=3ickCJTeoAeoM14BpgcHbA%3D%3D&trackingId=vnFSpLfvLrjtvnDF2wRwmw%3D%3D,"Toronto, Ontario, Canada",https://ca.linkedin.com/company/beachhead-inc?trk=public_jobs_jserp-result_job-search-card-subtitle
426,Sr. Python Fullstack Developer,LTM,https://ca.linkedin.com/jobs/view/sr-python-fullstack-developer-at-ltm-4424593672?position=8&pageNum=2&refId=3ickCJTeoAeoM14BpgcHbA%3D%3D&trackingId=VhBzHiscsfoBNlW1zNsNNA%3D%3D,"Mississauga, Ontario, Canada",https://www.linkedin.com/company/ltm-larsenandtoubrocompany?trk=public_jobs_jserp-result_job-search-card-subtitle
427,Staff Design Technologist,Kong,https://ca.linkedin.com/jobs/view/staff-design-technologist-at-kong-4422658740?position=9&pageNum=2&refId=3ickCJTeoAeoM14BpgcHbA%3D%3D&trackingId=TyjmfviZUmDAHsUEhTOj7A%3D%3D,"Toronto, Ontario, Canada",https://www.linkedin.com/company/konghq?trk=public_jobs_jserp-result_job-search-card-subtitle
428,Web Developer – Co-op/Intern,Nokia,https://ca.linkedin.com/jobs/view/web-developer-%E2%80%93-co-op-intern-at-nokia-4412965444?position=10&pageNum=2&refId=3ickCJTeoAeoM14BpgcHbA%3D%3D&trackingId=pI%2F7zEN5GtAALzRbxR1k0A%3D%3D,"Kanata, Ontario, Canada",https://fi.linkedin.com/company/nokia?trk=public_jobs_jserp-result_job-search-card-subtitle
